
Processing ../selfsysttest.C...
Input tree is flat tree with systematics
Warning in <TFile::Append>: Replacing existing TH1: h (Potential memory leak).
Warning in <TFile::Append>: Replacing existing TH1: h (Potential memory leak).
Warning in <TFile::Append>: Replacing existing TH1: h (Potential memory leak).
Warning in <TFile::Append>: Replacing existing TH1: h (Potential memory leak).
Warning in <TFile::Append>: Replacing existing TH1: h (Potential memory leak).
Warning in <TFile::Append>: Replacing existing TH1: h (Potential memory leak).
Warning in <TFile::Append>: Replacing existing TH1: h (Potential memory leak).
Warning in <TFile::Append>: Replacing existing TH1: h (Potential memory leak).
Warning in <TFile::Append>: Replacing existing TH1: h (Potential memory leak).
Warning in <TFile::Append>: Replacing existing TH1: h (Potential memory leak).
Warning in <TFile::Append>: Replacing existing TH1: h (Potential memory leak).
Warning in <TFile::Append>: Replacing existing TH1: h (Potential memory leak).
Warning in <TFile::Append>: Replacing existing TH1: h (Potential memory leak).
Warning in <TFile::Append>: Replacing existing TH1: h (Potential memory leak).
Warning in <TFile::Append>: Replacing existing TH1: h (Potential memory leak).
Warning in <TFile::Append>: Replacing existing TH1: h (Potential memory leak).
Warning in <TFile::Append>: Replacing existing TH1: h (Potential memory leak).
Warning in <TFile::Append>: Replacing existing TH1: h (Potential memory leak).
Warning in <TFile::Append>: Replacing existing TH1: h (Potential memory leak).
Warning in <TFile::Append>: Replacing existing TH1: h (Potential memory leak).
Warning in <TFile::Append>: Replacing existing TH1: h (Potential memory leak).
Warning in <TFile::Append>: Replacing existing TH1: h (Potential memory leak).
Warning in <TFile::Append>: Replacing existing TH1: h (Potential memory leak).
Warning in <TFile::Append>: Replacing existing TH1: h (Potential memory leak).
Warning in <TFile::Append>: Replacing existing TH1: h (Potential memory leak).
Warning in <TFile::Append>: Replacing existing TH1: h (Potential memory leak).
Warning in <TFile::Append>: Replacing existing TH1: h (Potential memory leak).
Warning in <TFile::Append>: Replacing existing TH1: h (Potential memory leak).
Warning in <TFile::Append>: Replacing existing TH1: h (Potential memory leak).
Warning in <TFile::Append>: Replacing existing TH1: h (Potential memory leak).
Warning in <TFile::Append>: Replacing existing TH1: h (Potential memory leak).
Warning in <TFile::Append>: Replacing existing TH1: h (Potential memory leak).
Warning in <TFile::Append>: Replacing existing TH1: h (Potential memory leak).
Warning in <TFile::Append>: Replacing existing TH1: h (Potential memory leak).
Warning in <TFile::Append>: Replacing existing TH1: h (Potential memory leak).
Warning in <TFile::Append>: Replacing existing TH1: h (Potential memory leak).
Warning in <TFile::Append>: Replacing existing TH1: h (Potential memory leak).
Warning in <TFile::Append>: Replacing existing TH1: h (Potential memory leak).
Warning in <TFile::Append>: Replacing existing TH1: h (Potential memory leak).
Warning in <TFile::Append>: Replacing existing TH1: h (Potential memory leak).
Warning in <TFile::Append>: Replacing existing TH1: h (Potential memory leak).
Warning in <TFile::Append>: Replacing existing TH1: h (Potential memory leak).
Warning in <TFile::Append>: Replacing existing TH1: h (Potential memory leak).
Warning in <TFile::Append>: Replacing existing TH1: h (Potential memory leak).
Warning in <TFile::Append>: Replacing existing TH1: h (Potential memory leak).
sequential coherent fit
incoherent fit
Initial par values
15
1 0.635309 0.403564
2 0.403564 0.293684
3 0.293684 0.196797
4 0.196797 0.165326
5 0.165326 0.130522
6 0.130522 0.118137
7 0.118137 0.089931
8 0.089931 0.0695315
9 0.0695315 0.0742944
10 0.0742944 0.0498368
11 0.0498368 0.0498247
12 0.0498247 0.063817
13 0.063817 0.0309928
coherent fit
 **********
 **    1 **SET ERR           1
 **********
 PARAMETER DEFINITIONS:
    NO.   NAME         VALUE      STEP SIZE      LIMITS
     1 lw A         5.33637e+00  1.00000e-02     no limits
     2 lw B        -3.15312e+00  1.00000e-02     no limits
     3 lw C         4.17066e-02  1.00000e-02     no limits
     4 mpv A       -3.11455e-01  1.00000e-02     no limits
     5 mpv B       -5.93633e-01  1.00000e-02     no limits
     6 mpv C       -5.91099e+01  1.00000e-02     no limits
     7 mpv D        8.84956e-01  1.00000e-02     no limits
     8 mpv R        3.04011e+00  1.00000e-02     no limits
     9 gw A         2.39542e+00  1.00000e-02     no limits
    10 gw B        -6.29130e-01  1.00000e-02     no limits
    11 gw C        -7.02695e-02  1.00000e-02     no limits
    12 norm         8.80526e-01  1.00000e-02    0.00000e+00  1.00000e+00
 **********
 **    2 **MIGRAD       5e+04           1
 **********
 FIRST CALL TO USER FUNCTION AT NEW START POINT, WITH IFLAG=4.
 START MIGRAD MINIMIZATION.  STRATEGY  1.  CONVERGENCE WHEN EDM .LT. 1.00e-03
 FCN=2681.97 FROM MIGRAD    STATUS=INITIATE       44 CALLS          45 TOTAL
                     EDM= unknown      STRATEGY= 1      NO ERROR MATRIX       
  EXT PARAMETER               CURRENT GUESS       STEP         FIRST   
  NO.   NAME      VALUE            ERROR          SIZE      DERIVATIVE 
   1  lw A         5.33637e+00   1.00000e-02   1.00000e-02   3.30265e-01
   2  lw B        -3.15312e+00   1.00000e-02   1.00000e-02   2.91495e+01
   3  lw C         4.17066e-02   1.00000e-02   1.00000e-02  -9.81785e+02
   4  mpv A       -3.11455e-01   1.00000e-02   1.00000e-02  -2.27302e+03
   5  mpv B       -5.93633e-01   1.00000e-02   1.00000e-02  -5.06050e+02
   6  mpv C       -5.91099e+01   1.00000e-02   1.00000e-02  -1.15722e+01
   7  mpv D        8.84956e-01   1.00000e-02   1.00000e-02  -3.04036e+02
   8  mpv R        3.04011e+00   1.00000e-02   1.00000e-02  -1.08099e+02
   9  gw A         2.39542e+00   1.00000e-02   1.00000e-02   2.95691e+01
  10  gw B        -6.29130e-01   1.00000e-02   1.00000e-02   1.08527e+02
  11  gw C        -7.02695e-02   1.00000e-02   1.00000e-02  -9.93686e+01
  12  norm         8.80526e-01   1.00000e-02   3.08565e-02   1.28803e+02
 MIGRAD MINIMIZATION HAS CONVERGED.
 FCN=2626.67 FROM MIGRAD    STATUS=CONVERGED     888 CALLS         889 TOTAL
                     EDM=6.27471e-05    STRATEGY= 1  ERROR MATRIX UNCERTAINTY   2.7 per cent
  EXT PARAMETER                                   STEP         FIRST   
  NO.   NAME      VALUE            ERROR          SIZE      DERIVATIVE 
   1  lw A         6.43092e+00   2.15582e+00   1.81805e-02   3.59944e-03
   2  lw B        -3.63415e+00   4.02585e-01  -3.14272e-03   1.13934e-02
   3  lw C         4.28741e-02   2.41513e-03  -4.12513e-06   1.77192e+00
   4  mpv A       -2.97086e-01   2.93715e-03  -3.07438e-05   1.13424e+01
   5  mpv B       -6.01352e-01   1.76854e-03  -1.66410e-07   2.22654e+01
   6  mpv C       -5.65772e+01   5.15701e-01  -5.36987e-03   5.75832e-02
   7  mpv D        1.13899e+00   4.27636e-02  -3.65471e-04  -1.24296e+00
   8  mpv R        2.32789e+00   1.75641e-01   1.66892e-03   2.52441e-02
   9  gw A         3.05574e+00   2.20958e-01   5.36036e-04   4.34921e-01
  10  gw B        -8.73918e-01   5.39854e-02  -5.84669e-05   1.77562e+00
  11  gw C         7.16645e-02   2.17853e-02   1.52443e-06   2.37105e+00
  12  norm         8.65818e-01   8.37347e-03  -2.46480e-05  -1.43999e-02
 EXTERNAL ERROR MATRIX.    NDIM=  25    NPAR= 12    ERR DEF=1
 ELEMENTS ABOVE DIAGONAL ARE NOT PRINTED.
  4.648e+00 
 -7.800e-01  1.621e-01 
  8.319e-04 -2.081e-04  5.833e-06 
 -3.560e-04 -3.492e-05  4.769e-07  8.627e-06 
  1.802e-04  1.430e-04 -4.363e-07 -2.059e-06  3.128e-06 
 -6.225e-02 -6.892e-03  8.681e-05  1.485e-03 -3.716e-04  2.659e-01 
 -8.122e-03 -5.473e-04 -2.148e-06  1.201e-04 -4.405e-05  2.112e-02  1.829e-03 
 -4.162e-03  1.292e-02 -4.354e-05 -4.741e-04  1.758e-04 -8.352e-02 -6.756e-03  3.085e-02 
 -6.708e-02 -9.259e-03  1.814e-05  1.376e-04 -3.636e-04  2.551e-02  3.961e-03 -1.473e-02  4.882e-02 
  2.458e-02  2.447e-05  4.219e-07 -3.896e-05  8.607e-05 -7.143e-03 -1.056e-03  3.433e-03 -1.154e-02  2.914e-03 
 -1.193e-02  8.282e-04 -8.460e-06  1.544e-05 -3.039e-05  2.811e-03  4.239e-04 -1.152e-03  4.074e-03 -1.114e-03  4.746e-04 
  3.758e-04  2.874e-05  1.182e-06 -2.680e-07  5.686e-07 -4.888e-05 -8.753e-06  3.111e-05 -6.674e-05  1.509e-05 -6.487e-06 
  3.758e-04  2.874e-05  1.182e-06 -2.680e-07  5.686e-07 -4.888e-05 -8.753e-06  3.111e-05 -6.674e-05  1.509e-05 -6.487e-06  7.013e-05 
 PARAMETER  CORRELATION COEFFICIENTS  
       NO.  GLOBAL      1      2      3      4      5      6      7      8      9     10     11     12
        1  0.93965   1.000 -0.899  0.160 -0.056  0.047 -0.056 -0.088 -0.011 -0.141  0.211 -0.254  0.021
        2  0.94902  -0.899  1.000 -0.214 -0.030  0.201 -0.033 -0.032  0.183 -0.104  0.001  0.094  0.009
        3  0.82007   0.160 -0.214  1.000  0.067 -0.102  0.070 -0.021 -0.103  0.034  0.003 -0.161  0.058
        4  0.99392  -0.056 -0.030  0.067  1.000 -0.396  0.981  0.956 -0.919  0.212 -0.246  0.241 -0.011
        5  0.97857   0.047  0.201 -0.102 -0.396  1.000 -0.407 -0.582  0.566 -0.931  0.902 -0.789  0.038
        6  0.99359  -0.056 -0.033  0.070  0.981 -0.407  1.000  0.958 -0.922  0.224 -0.257  0.250 -0.011
        7  0.99652  -0.088 -0.032 -0.021  0.956 -0.582  0.958  1.000 -0.900  0.419 -0.457  0.455 -0.024
        8  0.98512  -0.011  0.183 -0.103 -0.919  0.566 -0.922 -0.900  1.000 -0.380  0.362 -0.301  0.021
        9  0.99737  -0.141 -0.104  0.034  0.212 -0.931  0.224  0.419 -0.380  1.000 -0.967  0.846 -0.036
       10  0.99900   0.211  0.001  0.003 -0.246  0.902 -0.257 -0.457  0.362 -0.967  1.000 -0.947  0.033
       11  0.99571  -0.254  0.094 -0.161  0.241 -0.789  0.250  0.455 -0.301  0.846 -0.947  1.000 -0.036
       12  0.09657   0.021  0.009  0.058 -0.011  0.038 -0.011 -0.024  0.021 -0.036  0.033 -0.036  1.000
 FCN=2626.67 FROM MIGRAD    STATUS=CONVERGED     888 CALLS         889 TOTAL
                     EDM=6.27471e-05    STRATEGY= 1  ERROR MATRIX UNCERTAINTY   2.7 per cent
  EXT PARAMETER                                   STEP         FIRST   
  NO.   NAME      VALUE            ERROR          SIZE      DERIVATIVE 
   1  lw A         6.43092e+00   2.15582e+00   1.81805e-02   3.59944e-03
   2  lw B        -3.63415e+00   4.02585e-01  -3.14272e-03   1.13934e-02
   3  lw C         4.28741e-02   2.41513e-03  -4.12513e-06   1.77192e+00
   4  mpv A       -2.97086e-01   2.93715e-03  -3.07438e-05   1.13424e+01
   5  mpv B       -6.01352e-01   1.76854e-03  -1.66410e-07   2.22654e+01
   6  mpv C       -5.65772e+01   5.15701e-01  -5.36987e-03   5.75832e-02
   7  mpv D        1.13899e+00   4.27636e-02  -3.65471e-04  -1.24296e+00
   8  mpv R        2.32789e+00   1.75641e-01   1.66892e-03   2.52441e-02
   9  gw A         3.05574e+00   2.20958e-01   5.36036e-04   4.34921e-01
  10  gw B        -8.73918e-01   5.39854e-02  -5.84669e-05   1.77562e+00
  11  gw C         7.16645e-02   2.17853e-02   1.52443e-06   2.37105e+00
  12  norm         8.65818e-01   8.37347e-03  -2.46480e-05  -1.43999e-02
sequential coherent fit
incoherent fit
Initial par values
15
1 0.329183 0.102632
2 0.102632 0.265231
3 0.265231 0.193094
4 0.193094 0.12832
5 0.12832 0.142676
6 0.142676 0.0881597
7 0.0881597 0.0421342
8 0.0421342 0.0275757
9 0.0275757 0.0566647
10 0.0566647 0.0413862
11 0.0413862 0.0726528
12 0.0726528 0.0301306
13 0.0301306 0.0455805
coherent fit
 **********
 **    1 **SET ERR           1
 **********
 PARAMETER DEFINITIONS:
    NO.   NAME         VALUE      STEP SIZE      LIMITS
     1 shift        2.60000e+00  1.00000e-01    0.00000e+00  1.00000e+01
     2 lwA          4.60000e+00  1.00000e-01    0.00000e+00  1.00000e+01
     3 lwB         -1.98000e+00  1.00000e-01   -1.00000e+01  0.00000e+00
     4 lwC          6.30000e-02  1.00000e-01    0.00000e+00  1.00000e+00
 MINUIT WARNING IN PARAMETR
 ============== VARIABLE4 BROUGHT BACK INSIDE LIMITS.
     5 gwA          3.69000e+01  1.00000e-01    0.00000e+00  9.00000e+01
     6 gwB         -2.01000e+00  1.00000e-02   -1.00000e+01  0.00000e+00
     7 gwC          9.00000e-02  1.00000e-02    0.00000e+00  1.00000e+00
     8 norm         1.40755e-01  1.00000e-02    0.00000e+00  1.00000e+00
 **********
 **    2 **MIGRAD       5e+04           1
 **********
 FIRST CALL TO USER FUNCTION AT NEW START POINT, WITH IFLAG=4.
 START MIGRAD MINIMIZATION.  STRATEGY  1.  CONVERGENCE WHEN EDM .LT. 1.00e-03
 FCN=1685.79 FROM MIGRAD    STATUS=INITIATE       30 CALLS          31 TOTAL
                     EDM= unknown      STRATEGY= 1      NO ERROR MATRIX       
  EXT PARAMETER               CURRENT GUESS       STEP         FIRST   
  NO.   NAME      VALUE            ERROR          SIZE      DERIVATIVE 
   1  shift        2.60000e+00   1.00000e-01   2.28018e-02  -3.98070e+02
   2  lwA          4.60000e+00   1.00000e-01   2.00657e-02   5.23994e+01
   3  lwB         -1.98000e+00   1.00000e-01   2.51018e-02   3.07205e+02
   4  lwC          6.30000e-02   1.00000e-01   4.14617e-01   1.69254e+02
   5  gwA          3.69000e+01   1.00000e-01   2.25912e-03   8.44325e+01
   6  gwB         -2.01000e+00   1.00000e-02   2.49534e-03  -1.35713e+02
   7  gwC          9.00000e-02   1.00000e-02   3.49940e-02  -1.36793e+02
   8  norm         1.40755e-01   1.00000e-02   2.87714e-02   4.67523e+02
 MIGRAD MINIMIZATION HAS CONVERGED.
 MIGRAD WILL VERIFY CONVERGENCE AND ERROR MATRIX.
 COVARIANCE MATRIX CALCULATED SUCCESSFULLY
 FCN=1506.68 FROM HESSE     STATUS=OK             61 CALLS         626 TOTAL
                     EDM=0.0030667    STRATEGY= 1      ERROR MATRIX ACCURATE 
  EXT PARAMETER                                   STEP         FIRST   
  NO.   NAME      VALUE            ERROR          SIZE      DERIVATIVE 
   1  shift        3.97306e+00   3.32402e-01   8.57525e-04   8.80601e-02
   2  lwA          2.75286e+00   1.47662e+00   2.31664e-03  -1.93132e-02
   3  lwB         -1.78470e+00   4.35295e-01   5.77377e-04  -1.00778e-01
   4  lwC          4.62543e-02   1.55551e-02   7.07732e-04   4.70689e-02
   5  gwA          2.98547e+00   1.17496e+00   2.15732e-04   4.41711e-01
   6  gwB         -8.09240e-01   1.44230e-01   1.59035e-04   1.05437e+00
   7  gwC          3.26090e-04   1.18603e-01   1.07772e-02   1.65341e-01
   8  norm         1.28306e-01   3.26366e-03   1.82841e-04   1.50541e-01
 MIGRAD MINIMIZATION HAS CONVERGED.
 FCN=1506.67 FROM MIGRAD    STATUS=CONVERGED     661 CALLS         662 TOTAL
                     EDM=4.40457e-05    STRATEGY= 1  ERROR MATRIX UNCERTAINTY   4.3 per cent
  EXT PARAMETER                                   STEP         FIRST   
  NO.   NAME      VALUE            ERROR          SIZE      DERIVATIVE 
   1  shift        3.97290e+00   3.32300e-01  -2.88475e-05  -4.07203e-04
   2  lwA          2.73642e+00   1.46070e+00   1.23158e-03  -4.80623e-04
   3  lwB         -1.78132e+00   4.34334e-01   2.82927e-04   3.15598e-02
   4  lwC          4.62132e-02   1.55606e-02  -7.68251e-05   1.53057e-02
   5  gwA          2.99575e+00   1.14325e+00   3.52293e-04   1.33624e-01
   6  gwB         -8.10195e-01   1.35935e-01  -3.92667e-04   8.58527e-02
   7  gwC          4.04789e-06   1.04125e-01  -1.25511e-03   1.75107e-02
   8  norm         1.28303e-01   3.26357e-03  -2.24174e-06  -1.83092e-02
 EXTERNAL ERROR MATRIX.    NDIM=  25    NPAR=  8    ERR DEF=1
  1.106e-01  1.558e-02  4.355e-02  6.036e-04 -8.218e-02  4.094e-03  1.181e-06  1.128e-04 
  1.558e-02  2.215e+00  5.278e-01 -9.846e-03  2.851e-01 -3.491e-02 -7.297e-05 -1.850e-04 
  4.355e-02  5.278e-01  1.895e-01 -4.549e-03 -1.055e-01  9.867e-03 -1.570e-05  2.796e-05 
  6.036e-04 -9.846e-03 -4.549e-03  2.426e-04  5.450e-03 -7.434e-04  2.057e-07  2.069e-06 
 -8.218e-02  2.851e-01 -1.055e-01  5.450e-03  1.309e+00 -1.517e-01 -3.271e-05 -2.912e-05 
  4.094e-03 -3.491e-02  9.867e-03 -7.434e-04 -1.517e-01  1.849e-02  9.432e-07 -4.203e-06 
  1.181e-06 -7.297e-05 -1.570e-05  2.057e-07 -3.271e-05  9.432e-07  1.748e-06  1.933e-08 
  1.128e-04 -1.850e-04  2.796e-05  2.069e-06 -2.912e-05 -4.203e-06  1.933e-08  1.065e-05 
 PARAMETER  CORRELATION COEFFICIENTS  
       NO.  GLOBAL      1      2      3      4      5      6      7      8
        1  0.74582   1.000  0.031  0.301  0.117 -0.216  0.091  0.003  0.104
        2  0.93080   0.031  1.000  0.815 -0.425  0.167 -0.172 -0.037 -0.038
        3  0.96344   0.301  0.815  1.000 -0.671 -0.212  0.167 -0.027  0.020
        4  0.86358   0.117 -0.425 -0.671  1.000  0.306 -0.351  0.010  0.041
        5  0.98660  -0.216  0.167 -0.212  0.306  1.000 -0.975 -0.022 -0.008
        6  0.98560   0.091 -0.172  0.167 -0.351 -0.975  1.000  0.005 -0.009
        7  0.10660   0.003 -0.037 -0.027  0.010 -0.022  0.005  1.000  0.004
        8  0.15299   0.104 -0.038  0.020  0.041 -0.008 -0.009  0.004  1.000
 FCN=1506.67 FROM MIGRAD    STATUS=CONVERGED     661 CALLS         662 TOTAL
                     EDM=4.40457e-05    STRATEGY= 1  ERROR MATRIX UNCERTAINTY   4.3 per cent
  EXT PARAMETER                                   STEP         FIRST   
  NO.   NAME      VALUE            ERROR          SIZE      DERIVATIVE 
   1  shift        3.97290e+00   3.32300e-01  -2.88475e-05  -4.07203e-04
   2  lwA          2.73642e+00   1.46070e+00   1.23158e-03  -4.80623e-04
   3  lwB         -1.78132e+00   4.34334e-01   2.82927e-04   3.15598e-02
   4  lwC          4.62132e-02   1.55606e-02  -7.68251e-05   1.53057e-02
   5  gwA          2.99575e+00   1.14325e+00   3.52293e-04   1.33624e-01
   6  gwB         -8.10195e-01   1.35935e-01  -3.92667e-04   8.58527e-02
   7  gwC          4.04789e-06   1.04125e-01  -1.25511e-03   1.75107e-02
   8  norm         1.28303e-01   3.26357e-03  -2.24174e-06  -1.83092e-02
sequential coherent fit
incoherent fit
Initial par values
coherent fit
 **********
 **    1 **SET ERR           1
 **********
 PARAMETER DEFINITIONS:
    NO.   NAME         VALUE      STEP SIZE      LIMITS
     1 s lw A       6.43092e+00  1.00000e-02     no limits
     2 s lw B      -3.63415e+00  1.00000e-02     no limits
     3 s lw C       4.28741e-02  1.00000e-02     no limits
     4 s mpv A     -2.97086e-01  1.00000e-02     no limits
     5 s mpv B     -6.01352e-01  1.00000e-02     no limits
     6 s mpv C     -5.65772e+01  1.00000e-02     no limits
     7 s mpv D      1.13899e+00  1.00000e-02     no limits
     8 s mpv R      2.32789e+00  1.00000e-02     no limits
     9 s gw A       3.05574e+00  1.00000e-02     no limits
    10 s gw B      -8.73918e-01  1.00000e-02     no limits
    11 s gw C       7.16645e-02  1.00000e-02     no limits
    12 b lw A       2.73642e+00  1.00000e-02    0.00000e+00  1.00000e+01
    13 b lw B      -1.78132e+00  1.00000e-02   -1.00000e+01  0.00000e+00
    14 b lw C       4.62132e-02  1.00000e-02    0.00000e+00  1.00000e+01
    15 b shift      3.97290e+00  1.00000e-02     no limits
    16 b gw A       2.99575e+00  1.00000e-02    0.00000e+00  9.00000e+01
    17 b gw B      -8.10195e-01  1.00000e-02   -1.00000e+01  0.00000e+00
    18 b gw C       4.04789e-06  1.00000e-02    0.00000e+00  1.00000e+01
 MINUIT WARNING IN PARAMETR
 ============== VARIABLE18 BROUGHT BACK INSIDE LIMITS.
 **********
 **    2 **FIX          14
 **********
 **********
 **    3 **FIX          18
 **********
 PARAMETER DEFINITIONS:
    NO.   NAME         VALUE      STEP SIZE      LIMITS
    19 norm         8.68758e-01  1.00000e-02    7.81882e-01  9.55633e-01
 **********
 **    4 **MIGRAD       5e+04           1
 **********
 FIRST CALL TO USER FUNCTION AT NEW START POINT, WITH IFLAG=4.
 START MIGRAD MINIMIZATION.  STRATEGY  1.  CONVERGENCE WHEN EDM .LT. 1.00e-03
 FCN=2695 FROM MIGRAD    STATUS=INITIATE      106 CALLS         107 TOTAL
                     EDM= unknown      STRATEGY= 1      NO ERROR MATRIX       
  EXT PARAMETER               CURRENT GUESS       STEP         FIRST   
  NO.   NAME      VALUE            ERROR          SIZE      DERIVATIVE 
   1  s lw A       6.43092e+00   1.00000e-02   0.00000e+00   1.33735e+00
   2  s lw B      -3.63415e+00   1.00000e-02   0.00000e+00   1.01869e+01
   3  s lw C       4.28741e-02   1.00000e-02   0.00000e+00   3.41765e+02
   4  s mpv A     -2.97086e-01   1.00000e-02   0.00000e+00   3.55285e+03
   5  s mpv B     -6.01352e-01   1.00000e-02   0.00000e+00  -2.22087e+03
   6  s mpv C     -5.65772e+01   1.00000e-02   0.00000e+00   1.92721e+01
   7  s mpv D      1.13899e+00   1.00000e-02   0.00000e+00  -2.17423e+02
   8  s mpv R      2.32789e+00   1.00000e-02   0.00000e+00   6.83001e+01
   9  s gw A       3.05574e+00   1.00000e-02   0.00000e+00   3.59607e+02
  10  s gw B      -8.73918e-01   1.00000e-02   0.00000e+00   2.43767e+03
  11  s gw C       7.16645e-02   1.00000e-02   0.00000e+00   2.64846e+03
  12  b lw A       3.19203e+00   1.00000e-02   9.98323e-02   3.16764e-03
  13  b lw B      -1.78132e+00   1.00000e-02   0.00000e+00  -5.59478e+00
  14  b lw C       4.62132e-02     fixed    
  15  b shift      3.97290e+00   1.00000e-02   0.00000e+00  -5.93726e+00
  16  b gw A       2.99575e+00   1.00000e-02   0.00000e+00  -6.01309e+02
  17  b gw B      -8.10195e-01   1.00000e-02   0.00000e+00  -8.03473e+02
  18  b gw C       4.04789e-06     fixed    
  19  norm         8.68758e-01   1.00000e-02   0.00000e+00  -3.17398e+01
 MIGRAD FAILS TO FIND IMPROVEMENT
 MIGRAD MINIMIZATION HAS CONVERGED.
 MIGRAD WILL VERIFY CONVERGENCE AND ERROR MATRIX.
 MINUIT WARNING IN HESSE   
 ============== Negative diagonal element 12 in Error Matrix
 MINUIT WARNING IN HESSE   
 ============== 1.00059 added to diagonal of error matrix
 COVARIANCE MATRIX CALCULATED SUCCESSFULLY
 FCN=2482.88 FROM MIGRAD    STATUS=CONVERGED    6960 CALLS        6961 TOTAL
                     EDM=0.000791143    STRATEGY= 1      ERROR MATRIX ACCURATE 
  EXT PARAMETER                                   STEP         FIRST   
  NO.   NAME      VALUE            ERROR          SIZE      DERIVATIVE 
   1  s lw A       5.97446e+00   1.05444e+00   1.34113e-02  -6.92868e-03
   2  s lw B      -3.36098e+00   2.40193e-01   2.46257e-03  -4.39446e-02
   3  s lw C       5.01844e-02   3.04242e-03   3.91905e-05  -2.04222e+00
   4  s mpv A     -5.84530e-01   1.33738e-02   2.92228e-05   7.34084e+00
   5  s mpv B     -1.11599e+00   8.54268e-03   1.65720e-05  -1.22991e+01
   6  s mpv C     -1.05744e+02   9.33551e-01   5.15350e-03   3.31477e-02
   7  s mpv D      1.99573e+00   2.11925e-02   9.09115e-05  -1.96847e+00
   8  s mpv R      6.11607e+00   1.25098e-01   7.76261e-04   2.71733e-01
   9  s gw A       3.30292e+00   5.11752e-01   2.29697e-03   1.37342e-02
  10  s gw B      -1.24281e+00   1.01783e-01   3.23407e-04   1.57892e-01
  11  s gw C       1.59421e-01   1.30478e-02   9.58780e-05   6.74794e-01
  12  b lw A       8.44918e+00   8.24353e+00   5.00000e-01   7.30219e-04
  13  b lw B      -8.93285e+00   8.15804e+00   2.60556e-01  -3.47169e-03
  14  b lw C       4.62132e-02     fixed    
  15  b shift      2.32539e+00   3.33659e-01   4.47842e-03   2.53257e-02
  16  b gw A       3.85852e+00   9.34456e-01   1.70266e-04   9.21725e-02
  17  b gw B      -7.65029e-01   8.97077e-02   1.18232e-04  -9.69847e-01
  18  b gw C       4.04789e-06     fixed    
  19  norm         7.81882e-01   3.21740e-02   2.69205e-02** at limit **
 EXTERNAL ERROR MATRIX.    NDIM=  25    NPAR= 17    ERR DEF=1
 ELEMENTS ABOVE DIAGONAL ARE NOT PRINTED.
  1.112e+00 
 -1.989e-01  5.769e-02 
 -9.624e-05 -2.734e-05  9.256e-06 
 -5.937e-03  1.263e-03  7.574e-06  1.789e-04 
 -3.876e-03  9.766e-04  2.148e-06  9.489e-05  7.298e-05 
  1.382e-01 -3.221e-02  2.825e-05 -4.755e-03 -1.576e-03  8.715e-01 
  7.045e-03 -1.677e-03 -8.520e-06 -1.366e-04 -1.446e-04  7.042e-03  4.491e-04 
  1.397e-02  3.311e-03 -1.162e-04 -7.840e-04 -9.052e-05 -1.822e-02 -6.289e-04  1.565e-02 
 -2.131e-01  1.421e-02  2.388e-04  4.182e-03  2.168e-03 -1.229e-01 -4.012e-03 -2.436e-02  2.619e-01 
  4.627e-02 -5.601e-03 -5.276e-05 -8.747e-04 -4.580e-04  2.696e-02  8.119e-04  4.626e-03 -4.916e-02  1.036e-02 
 -4.505e-03  8.223e-04 -6.153e-06  7.406e-05  3.879e-05 -3.021e-03 -5.036e-05 -2.706e-04  4.087e-03 -1.049e-03  1.702e-04 
 -2.419e-02  3.944e-03  1.544e-05  5.458e-04  3.481e-04 -9.719e-03 -5.827e-04 -1.620e-03  1.682e-02 -3.365e-03  2.963e-04 
 -2.419e-02  3.944e-03  1.544e-05  5.458e-04  3.481e-04 -9.719e-03 -5.827e-04 -1.620e-03  1.682e-02 -3.365e-03  2.963e-04  2.621e+01 
 -6.437e-03  6.696e-03  4.806e-06  5.734e-04  3.502e-04 -2.968e-03 -4.234e-04 -2.424e-03  9.133e-03 -2.564e-03  3.355e-04 
 -6.437e-03  6.696e-03  4.806e-06  5.734e-04  3.502e-04 -2.968e-03 -4.234e-04 -2.424e-03  9.133e-03 -2.564e-03  3.355e-04  2.203e-02  1.874e+01 
 -6.210e-02  2.439e-02  3.862e-04  1.396e-03  8.851e-04 -4.107e-02 -1.566e-03 -8.937e-03  7.400e-03 -4.808e-03  4.580e-04 
 -6.210e-02  2.439e-02  3.862e-04  1.396e-03  8.851e-04 -4.107e-02 -1.566e-03 -8.937e-03  7.400e-03 -4.808e-03  4.580e-04  2.681e-03  6.349e-03  1.113e-01 
  4.205e-01 -1.091e-01 -4.879e-04 -1.009e-02 -6.322e-03  2.823e-01  1.159e-02  3.194e-02 -2.413e-01  5.121e-02 -4.033e-03 
  4.205e-01 -1.091e-01 -4.879e-04 -1.009e-02 -6.322e-03  2.823e-01  1.159e-02  3.194e-02 -2.413e-01  5.121e-02 -4.033e-03 -3.153e-02 -3.814e-02 -1.416e-01  8.740e-01 
 -3.990e-02  1.002e-02  2.688e-05  9.677e-04  6.071e-04 -2.676e-02 -1.106e-03 -2.814e-03  2.405e-02 -4.957e-03  3.728e-04 
 -3.990e-02  1.002e-02  2.688e-05  9.677e-04  6.071e-04 -2.676e-02 -1.106e-03 -2.814e-03  2.405e-02 -4.957e-03  3.728e-04  3.118e-03  3.621e-03  9.815e-03 -8.209e-02  8.051e-03 
 -2.851e-07  9.412e-08  2.832e-10  8.312e-09  5.576e-09 -1.073e-07 -7.916e-09 -8.982e-09  1.533e-07 -3.249e-08  3.615e-09 
 -2.851e-07  9.412e-08  2.832e-10  8.312e-09  5.576e-09 -1.073e-07 -7.916e-09 -8.982e-09  1.533e-07 -3.249e-08  3.615e-09  3.153e-08  4.064e-08  1.190e-07 -5.115e-07  4.981e-08  1.439e-11 
 PARAMETER  CORRELATION COEFFICIENTS  
       NO.  GLOBAL      1      2      3      4      5      6      7      8      9     10     11     12     13     15     16     17
        1  0.87577   1.000 -0.785 -0.030 -0.421 -0.430  0.140  0.315  0.106 -0.395  0.431 -0.327 -0.004 -0.001 -0.177  0.427 -0.422
        2  0.90974  -0.785  1.000 -0.037  0.393  0.476 -0.144 -0.329  0.110  0.116 -0.229  0.262  0.003  0.006  0.304 -0.486  0.465
        3  0.85089  -0.030 -0.037  1.000  0.186  0.083  0.010 -0.132 -0.305  0.153 -0.170 -0.155  0.001  0.000  0.380 -0.172  0.098
        4  0.99604  -0.421  0.393  0.186  1.000  0.831 -0.381 -0.482 -0.469  0.611 -0.643  0.424  0.008  0.010  0.313 -0.807  0.806
        5  0.99683  -0.430  0.476  0.083  0.831  1.000 -0.198 -0.799 -0.085  0.496 -0.527  0.348  0.008  0.009  0.311 -0.792  0.792
        6  0.97503   0.140 -0.144  0.010 -0.381 -0.198  1.000  0.356 -0.156 -0.257  0.284 -0.248 -0.002 -0.001 -0.132  0.323 -0.319
        7  0.98446   0.315 -0.329 -0.132 -0.482 -0.799  0.356  1.000 -0.237 -0.370  0.376 -0.182 -0.005 -0.005 -0.221  0.585 -0.582
        8  0.96733   0.106  0.110 -0.305 -0.469 -0.085 -0.156 -0.237  1.000 -0.381  0.363 -0.166 -0.003 -0.004 -0.214  0.273 -0.251
        9  0.98312  -0.395  0.116  0.153  0.611  0.496 -0.257 -0.370 -0.381  1.000 -0.944  0.612  0.006  0.004  0.043 -0.504  0.524
       10  0.99152   0.431 -0.229 -0.170 -0.643 -0.527  0.284  0.376  0.363 -0.944  1.000 -0.790 -0.006 -0.006 -0.142  0.538 -0.543
       11  0.95395  -0.327  0.262 -0.155  0.424  0.348 -0.248 -0.182 -0.166  0.612 -0.790  1.000  0.004  0.006  0.105 -0.331  0.318
       12  0.00884  -0.004  0.003  0.001  0.008  0.008 -0.002 -0.005 -0.003  0.006 -0.006  0.004  1.000  0.001  0.002 -0.007  0.007
       13  0.01398  -0.001  0.006  0.000  0.010  0.009 -0.001 -0.005 -0.004  0.004 -0.006  0.006  0.001  1.000  0.004 -0.009  0.009
       15  0.83697  -0.177  0.304  0.380  0.313  0.311 -0.132 -0.221 -0.214  0.043 -0.142  0.105  0.002  0.004  1.000 -0.454  0.328
       16  0.99068   0.427 -0.486 -0.172 -0.807 -0.792  0.323  0.585  0.273 -0.504  0.538 -0.331 -0.007 -0.009 -0.454  1.000 -0.979
       17  0.98970  -0.422  0.465  0.098  0.806  0.792 -0.319 -0.582 -0.251  0.524 -0.543  0.318  0.007  0.009  0.328 -0.979  1.000
       19  0.22339  -0.071  0.103  0.025  0.164  0.172 -0.030 -0.098 -0.019  0.079 -0.084  0.073  0.002  0.002  0.094 -0.144  0.146
                     1.000
 FCN=2482.88 FROM MIGRAD    STATUS=CONVERGED    6960 CALLS        6961 TOTAL
                     EDM=0.000791143    STRATEGY= 1      ERROR MATRIX ACCURATE 
  EXT PARAMETER                                   STEP         FIRST   
  NO.   NAME      VALUE            ERROR          SIZE      DERIVATIVE 
   1  s lw A       5.97446e+00   1.05444e+00   1.34113e-02  -6.92868e-03
   2  s lw B      -3.36098e+00   2.40193e-01   2.46257e-03  -4.39446e-02
   3  s lw C       5.01844e-02   3.04242e-03   3.91905e-05  -2.04222e+00
   4  s mpv A     -5.84530e-01   1.33738e-02   2.92228e-05   7.34084e+00
   5  s mpv B     -1.11599e+00   8.54268e-03   1.65720e-05  -1.22991e+01
   6  s mpv C     -1.05744e+02   9.33551e-01   5.15350e-03   3.31477e-02
   7  s mpv D      1.99573e+00   2.11925e-02   9.09115e-05  -1.96847e+00
   8  s mpv R      6.11607e+00   1.25098e-01   7.76261e-04   2.71733e-01
   9  s gw A       3.30292e+00   5.11752e-01   2.29697e-03   1.37342e-02
  10  s gw B      -1.24281e+00   1.01783e-01   3.23407e-04   1.57892e-01
  11  s gw C       1.59421e-01   1.30478e-02   9.58780e-05   6.74794e-01
  12  b lw A       8.44918e+00   8.24353e+00   5.00000e-01   7.30219e-04
  13  b lw B      -8.93285e+00   8.15804e+00   2.60556e-01  -3.47169e-03
  14  b lw C       4.62132e-02     fixed    
  15  b shift      2.32539e+00   3.33659e-01   4.47842e-03   2.53257e-02
  16  b gw A       3.85852e+00   9.34456e-01   1.70266e-04   9.21725e-02
  17  b gw B      -7.65029e-01   8.97077e-02   1.18232e-04  -9.69847e-01
  18  b gw C       4.04789e-06     fixed    
  19  norm         7.81882e-01   3.21740e-02   2.69205e-02** at limit **
toy sample 0
5.97446 -0.58453
8.44918 -0.58453
coherent fit
 **********
 **    1 **SET ERR           1
 **********
 PARAMETER DEFINITIONS:
    NO.   NAME         VALUE      STEP SIZE      LIMITS
     1 s lw A       5.97446e+00  1.00000e-02     no limits
     2 s lw B      -3.36098e+00  1.00000e-02     no limits
     3 s lw C       5.01844e-02  1.00000e-02     no limits
     4 s mpv A     -5.84530e-01  1.00000e-02     no limits
     5 s mpv B     -1.11599e+00  1.00000e-02     no limits
     6 s mpv C     -1.05744e+02  1.00000e-02     no limits
     7 s mpv D      1.99573e+00  1.00000e-02     no limits
     8 s mpv R      6.11607e+00  1.00000e-02     no limits
     9 s gw A       3.30292e+00  1.00000e-02     no limits
    10 s gw B      -1.30530e+00  1.00000e-02     no limits
    11 s gw C       1.59421e-01  1.00000e-02     no limits
    12 b lw A       8.44918e+00  1.00000e-02    0.00000e+00  1.00000e+01
    13 b lw B      -8.93285e+00  1.00000e-02   -1.00000e+01  0.00000e+00
    14 b lw C       4.62132e-02  1.00000e-02    0.00000e+00  1.00000e+01
    15 b shift      2.32539e+00  1.00000e-02     no limits
    16 b gw A       3.85852e+00  1.00000e-02    0.00000e+00  9.00000e+01
    17 b gw B      -7.65029e-01  1.00000e-02   -1.00000e+01  0.00000e+00
    18 b gw C       4.04789e-06  1.00000e-02    0.00000e+00  1.00000e+01
 MINUIT WARNING IN PARAMETR
 ============== VARIABLE18 BROUGHT BACK INSIDE LIMITS.
 **********
 **    2 **FIX          14
 **********
 **********
 **    3 **FIX          18
 **********
 PARAMETER DEFINITIONS:
    NO.   NAME         VALUE      STEP SIZE      LIMITS
    19 norm         7.81882e-01  1.00000e-02    7.03694e-01  8.60070e-01
 **********
 **    4 **MIGRAD       5e+04           1
 **********
 FIRST CALL TO USER FUNCTION AT NEW START POINT, WITH IFLAG=4.
 START MIGRAD MINIMIZATION.  STRATEGY  1.  CONVERGENCE WHEN EDM .LT. 1.00e-03
 FCN=2502.73 FROM MIGRAD    STATUS=INITIATE      107 CALLS         108 TOTAL
                     EDM= unknown      STRATEGY= 1      NO ERROR MATRIX       
  EXT PARAMETER               CURRENT GUESS       STEP         FIRST   
  NO.   NAME      VALUE            ERROR          SIZE      DERIVATIVE 
   1  s lw A       5.97446e+00   1.00000e-02   0.00000e+00  -2.76195e+00
   2  s lw B      -3.36098e+00   1.00000e-02   0.00000e+00  -2.29246e+01
   3  s lw C       5.01844e-02   1.00000e-02   0.00000e+00  -2.67803e+03
   4  s mpv A     -5.84530e-01   1.00000e-02   0.00000e+00  -8.01082e+02
   5  s mpv B     -1.11599e+00   1.00000e-02   0.00000e+00   1.59751e+03
   6  s mpv C     -1.05744e+02   1.00000e-02   0.00000e+00  -4.56586e+00
   7  s mpv D      1.99573e+00   1.00000e-02   0.00000e+00   3.44799e+02
   8  s mpv R      6.11607e+00   1.00000e-02   0.00000e+00  -1.63634e+01
   9  s gw A       3.30292e+00   1.00000e-02   0.00000e+00  -8.10193e+01
  10  s gw B      -1.30530e+00   1.00000e-02   0.00000e+00  -6.00515e+02
  11  s gw C       1.59421e-01   1.00000e-02   0.00000e+00  -2.11631e+03
  12  b lw A       8.45210e+00   1.00000e-02   8.05242e-04   1.11266e-03
  13  b lw B      -8.93285e+00   1.00000e-02   0.00000e+00   4.79489e-03
  14  b lw C       4.62132e-02     fixed    
  15  b shift      2.32539e+00   1.00000e-02   0.00000e+00  -9.39644e+00
  16  b gw A       3.85852e+00   1.00000e-02   0.00000e+00  -3.44011e+02
  17  b gw B      -7.65029e-01   1.00000e-02   0.00000e+00  -5.22372e+02
  18  b gw C       4.04789e-06     fixed    
  19  norm         7.81882e-01   1.00000e-02   0.00000e+00   5.21933e+01
 MIGRAD MINIMIZATION HAS CONVERGED.
 FCN=2482.74 FROM MIGRAD    STATUS=CONVERGED     655 CALLS         656 TOTAL
                     EDM=1.34454e-05    STRATEGY= 1  ERROR MATRIX UNCERTAINTY   1.8 per cent
  EXT PARAMETER                                   STEP         FIRST   
  NO.   NAME      VALUE            ERROR          SIZE      DERIVATIVE 
   1  s lw A       6.00866e+00   9.62062e-01   9.33051e-04   5.31010e-03
   2  s lw B      -3.37732e+00   1.78870e-01  -5.84841e-05  -2.69503e-02
   3  s lw C       4.93115e-02   3.59079e-03   2.73843e-07   9.99185e-01
   4  s mpv A     -5.84419e-01   1.17298e-03   7.91738e-07  -7.34771e-01
   5  s mpv B     -1.11606e+00   7.35080e-04   4.01060e-07   1.29639e+00
   6  s mpv C     -1.05725e+02   2.06614e-01   1.31816e-04  -4.73414e-03
   7  s mpv D      1.99682e+00   6.51226e-03  -2.60503e-06   5.05046e-01
   8  s mpv R      6.10944e+00   5.82114e-02   2.41719e-04  -9.32834e-02
   9  s gw A       3.28779e+00   4.10830e-01   1.66346e-03   9.87844e-03
  10  s gw B      -1.24863e+00   7.56867e-02  -1.52651e-04   4.95270e-02
  11  s gw C       1.59872e-01   1.27839e-02   5.36523e-05  -1.74150e-01
  12  b lw A       1.41199e+00   8.54788e+00  -2.38878e-02   1.61416e-04
  13  b lw B      -9.97686e+00   6.42401e+00   7.20489e-04   2.83929e-05
  14  b lw C       4.62132e-02     fixed    
  15  b shift      2.11398e+00   4.61723e-01   7.78012e-04  -1.32779e-03
  16  b gw A       3.96448e+00   4.22905e-01   1.46279e-05   4.88565e-02
  17  b gw B      -7.75624e-01   4.21110e-02   3.86644e-05   5.37954e-01
  18  b gw C       4.04789e-06     fixed    
  19  norm         7.67088e-01   3.22175e-02   3.30575e-03  -9.82336e-03
 EXTERNAL ERROR MATRIX.    NDIM=  25    NPAR= 17    ERR DEF=1
 ELEMENTS ABOVE DIAGONAL ARE NOT PRINTED.
  9.256e-01 
 -1.278e-01  3.199e-02 
  3.005e-04 -1.352e-04  1.289e-05 
  2.021e-04 -3.619e-05  2.849e-07  1.376e-06 
 -8.352e-05  2.985e-05 -6.925e-07 -6.827e-09  5.403e-07 
  3.416e-02 -6.096e-03  5.081e-05  3.993e-06 -8.671e-07  4.269e-02 
  2.140e-03 -1.753e-04 -1.132e-05  1.580e-06  6.632e-07  2.650e-04  4.241e-05 
  1.335e-03  1.977e-03 -4.755e-05 -5.295e-06  1.892e-05 -1.018e-03  2.073e-04  3.389e-03 
 -2.204e-01  3.197e-02  4.085e-04 -1.210e-04  7.338e-05 -2.086e-02 -1.006e-03  5.411e-03  1.688e-01 
  4.271e-02 -8.328e-03 -5.575e-05  2.701e-05 -1.758e-05  4.608e-03  1.741e-04 -1.124e-03 -2.747e-02  5.728e-03 
 -3.545e-03  1.022e-03 -3.281e-06 -4.969e-06  3.924e-06 -8.441e-04 -8.715e-06  2.610e-04  2.943e-03 -7.604e-04  1.634e-04 
 -1.797e+01  3.345e+00 -1.279e-02 -6.469e-03  4.152e-03 -1.099e+00 -3.447e-02  1.041e-01  4.978e+00 -1.244e+00  1.272e-01 
 -1.797e+01  3.345e+00 -1.279e-02 -6.469e-03  4.152e-03 -1.099e+00 -3.447e-02  1.041e-01  4.978e+00 -1.244e+00  1.272e-01  2.983e+03 
 -4.020e-01  7.940e-02  2.804e-06 -2.203e-04  1.625e-04 -3.752e-02 -9.675e-04  1.000e-02  1.863e-01 -4.267e-02  6.003e-03 
 -4.020e-01  7.940e-02  2.804e-06 -2.203e-04  1.625e-04 -3.752e-02 -9.675e-04  1.000e-02  1.863e-01 -4.267e-02  6.003e-03  1.231e+01  6.359e+00 
  6.105e-02 -1.307e-02  9.832e-04 -1.133e-04  2.920e-05 -1.955e-02 -1.044e-03 -1.380e-03  9.535e-02 -1.563e-02  2.484e-03 
  6.105e-02 -1.307e-02  9.832e-04 -1.133e-04  2.920e-05 -1.955e-02 -1.044e-03 -1.380e-03  9.535e-02 -1.563e-02  2.484e-03 -1.621e+00  6.068e-02  2.132e-01 
  2.738e-01 -5.780e-02  1.416e-04  1.517e-04 -1.139e-04  2.589e-02  5.232e-04 -6.277e-03 -1.153e-01  2.723e-02 -3.855e-03 
  2.738e-01 -5.780e-02  1.416e-04  1.517e-04 -1.139e-04  2.589e-02  5.232e-04 -6.277e-03 -1.153e-01  2.723e-02 -3.855e-03 -8.805e+00 -2.438e-01 -2.409e-02  1.789e-01 
 -2.807e-02  5.641e-03 -3.126e-05 -1.282e-05  1.164e-05 -2.186e-03 -3.374e-05  9.248e-04  1.210e-02 -2.658e-03  3.718e-04 
 -2.807e-02  5.641e-03 -3.126e-05 -1.282e-05  1.164e-05 -2.186e-03 -3.374e-05  9.248e-04  1.210e-02 -2.658e-03  3.718e-04  8.088e-01  2.337e-02  3.455e-04 -1.605e-02  1.773e-03 
  3.507e-03 -1.165e-03  5.540e-05 -4.338e-06  1.996e-06 -7.482e-04 -5.619e-05  3.341e-04  8.143e-03 -1.056e-03  1.776e-04 
  3.507e-03 -1.165e-03  5.540e-05 -4.338e-06  1.996e-06 -7.482e-04 -5.619e-05  3.341e-04  8.143e-03 -1.056e-03  1.776e-04 -2.305e-01  3.061e-03  1.205e-02 -2.587e-04  1.515e-04  1.105e-03 
 PARAMETER  CORRELATION COEFFICIENTS  
       NO.  GLOBAL      1      2      3      4      5      6      7      8      9     10     11     12     13     15     16     17
        1  0.87497   1.000 -0.743  0.087  0.179 -0.118  0.172  0.342  0.024 -0.558  0.587 -0.288 -0.342 -0.166  0.137  0.673 -0.693
        2  0.87085  -0.743  1.000 -0.211 -0.172  0.227 -0.165 -0.151  0.190  0.435 -0.615  0.447  0.342  0.176 -0.158 -0.764  0.749
        3  0.89672   0.087 -0.211  1.000  0.068 -0.262  0.068 -0.484 -0.228  0.277 -0.205 -0.071 -0.065  0.000  0.593  0.093 -0.207
        4  0.65856   0.179 -0.172  0.068  1.000 -0.008  0.016  0.207 -0.078 -0.251  0.304 -0.331 -0.101 -0.074 -0.209  0.306 -0.260
        5  0.72666  -0.118  0.227 -0.262 -0.008  1.000 -0.006  0.139  0.442  0.243 -0.316  0.418  0.103  0.088  0.086 -0.366  0.376
        6  0.65395   0.172 -0.165  0.068  0.016 -0.006  1.000  0.197 -0.085 -0.246  0.295 -0.320 -0.097 -0.072 -0.205  0.296 -0.251
        7  0.87554   0.342 -0.151 -0.484  0.207  0.139  0.197  1.000  0.547 -0.376  0.353 -0.105 -0.097 -0.059 -0.347  0.190 -0.123
        8  0.87747   0.024  0.190 -0.228 -0.078  0.442 -0.085  0.547  1.000  0.226 -0.255  0.351  0.033  0.068 -0.051 -0.255  0.377
        9  0.97536  -0.558  0.435  0.277 -0.251  0.243 -0.246 -0.376  0.226  1.000 -0.884  0.560  0.222  0.180  0.503 -0.664  0.699
       10  0.98619   0.587 -0.615 -0.205  0.304 -0.316  0.295  0.353 -0.255 -0.884  1.000 -0.786 -0.301 -0.224 -0.447  0.851 -0.834
       11  0.95599  -0.288  0.447 -0.071 -0.331  0.418 -0.320 -0.105  0.351  0.560 -0.786  1.000  0.182  0.186  0.421 -0.713  0.691
       12  0.42441  -0.342  0.342 -0.065 -0.101  0.103 -0.097 -0.097  0.033  0.222 -0.301  0.182  1.000  0.089 -0.064 -0.381  0.352
       13  0.23744  -0.166  0.176  0.000 -0.074  0.088 -0.072 -0.059  0.068  0.180 -0.224  0.186  0.089  1.000  0.052 -0.229  0.220
       15  0.93505   0.137 -0.158  0.593 -0.209  0.086 -0.205 -0.347 -0.051  0.503 -0.447  0.421 -0.064  0.052  1.000 -0.123  0.018
       16  0.96567   0.673 -0.764  0.093  0.306 -0.366  0.296  0.190 -0.255 -0.664  0.851 -0.713 -0.381 -0.229 -0.123  1.000 -0.901
       17  0.96447  -0.693  0.749 -0.207 -0.260  0.376 -0.251 -0.123  0.377  0.699 -0.834  0.691  0.352  0.220  0.018 -0.901  1.000
