
Processing ../selfsysttest.C...
Input tree is flat tree with systematics
Warning in <TFile::Append>: Replacing existing TH1: h (Potential memory leak).
Warning in <TFile::Append>: Replacing existing TH1: h (Potential memory leak).
Warning in <TFile::Append>: Replacing existing TH1: h (Potential memory leak).
Warning in <TFile::Append>: Replacing existing TH1: h (Potential memory leak).
Warning in <TFile::Append>: Replacing existing TH1: h (Potential memory leak).
Warning in <TFile::Append>: Replacing existing TH1: h (Potential memory leak).
Warning in <TFile::Append>: Replacing existing TH1: h (Potential memory leak).
Warning in <TFile::Append>: Replacing existing TH1: h (Potential memory leak).
Warning in <TFile::Append>: Replacing existing TH1: h (Potential memory leak).
Warning in <TFile::Append>: Replacing existing TH1: h (Potential memory leak).
Warning in <TFile::Append>: Replacing existing TH1: h (Potential memory leak).
Warning in <TFile::Append>: Replacing existing TH1: h (Potential memory leak).
Warning in <TFile::Append>: Replacing existing TH1: h (Potential memory leak).
Warning in <TFile::Append>: Replacing existing TH1: h (Potential memory leak).
Warning in <TFile::Append>: Replacing existing TH1: h (Potential memory leak).
Warning in <TFile::Append>: Replacing existing TH1: h (Potential memory leak).
Warning in <TFile::Append>: Replacing existing TH1: h (Potential memory leak).
Warning in <TFile::Append>: Replacing existing TH1: h (Potential memory leak).
Warning in <TFile::Append>: Replacing existing TH1: h (Potential memory leak).
Warning in <TFile::Append>: Replacing existing TH1: h (Potential memory leak).
Warning in <TFile::Append>: Replacing existing TH1: h (Potential memory leak).
Warning in <TFile::Append>: Replacing existing TH1: h (Potential memory leak).
Warning in <TFile::Append>: Replacing existing TH1: h (Potential memory leak).
Warning in <TFile::Append>: Replacing existing TH1: h (Potential memory leak).
Warning in <TFile::Append>: Replacing existing TH1: h (Potential memory leak).
Warning in <TFile::Append>: Replacing existing TH1: h (Potential memory leak).
Warning in <TFile::Append>: Replacing existing TH1: h (Potential memory leak).
Warning in <TFile::Append>: Replacing existing TH1: h (Potential memory leak).
Warning in <TFile::Append>: Replacing existing TH1: h (Potential memory leak).
Warning in <TFile::Append>: Replacing existing TH1: h (Potential memory leak).
Warning in <TFile::Append>: Replacing existing TH1: h (Potential memory leak).
Warning in <TFile::Append>: Replacing existing TH1: h (Potential memory leak).
Warning in <TFile::Append>: Replacing existing TH1: h (Potential memory leak).
Warning in <TFile::Append>: Replacing existing TH1: h (Potential memory leak).
Warning in <TFile::Append>: Replacing existing TH1: h (Potential memory leak).
Warning in <TFile::Append>: Replacing existing TH1: h (Potential memory leak).
Warning in <TFile::Append>: Replacing existing TH1: h (Potential memory leak).
Warning in <TFile::Append>: Replacing existing TH1: h (Potential memory leak).
Warning in <TFile::Append>: Replacing existing TH1: h (Potential memory leak).
Warning in <TFile::Append>: Replacing existing TH1: h (Potential memory leak).
Warning in <TFile::Append>: Replacing existing TH1: h (Potential memory leak).
Warning in <TFile::Append>: Replacing existing TH1: h (Potential memory leak).
Warning in <TFile::Append>: Replacing existing TH1: h (Potential memory leak).
Warning in <TFile::Append>: Replacing existing TH1: h (Potential memory leak).
Warning in <TFile::Append>: Replacing existing TH1: h (Potential memory leak).
sequential coherent fit
incoherent fit
Initial par values
15
1 0.635309 0.403564
2 0.403564 0.293684
3 0.293684 0.196797
4 0.196797 0.165326
5 0.165326 0.130522
6 0.130522 0.118137
7 0.118137 0.089931
8 0.089931 0.0695315
9 0.0695315 0.0742944
10 0.0742944 0.0498368
11 0.0498368 0.0498247
12 0.0498247 0.063817
13 0.063817 0.0309928
coherent fit
 **********
 **    1 **SET ERR           1
 **********
 PARAMETER DEFINITIONS:
    NO.   NAME         VALUE      STEP SIZE      LIMITS
     1 lw A         5.33637e+00  1.00000e-02     no limits
     2 lw B        -3.15312e+00  1.00000e-02     no limits
     3 lw C         4.17066e-02  1.00000e-02     no limits
     4 mpv A       -3.11455e-01  1.00000e-02     no limits
     5 mpv B       -5.93633e-01  1.00000e-02     no limits
     6 mpv C       -5.91099e+01  1.00000e-02     no limits
     7 mpv D        8.84956e-01  1.00000e-02     no limits
     8 mpv R        3.04011e+00  1.00000e-02     no limits
     9 gw A         2.39542e+00  1.00000e-02     no limits
    10 gw B        -6.29130e-01  1.00000e-02     no limits
    11 gw C        -7.02695e-02  1.00000e-02     no limits
    12 norm         8.80526e-01  1.00000e-02    0.00000e+00  1.00000e+00
 **********
 **    2 **MIGRAD       5e+04           1
 **********
 FIRST CALL TO USER FUNCTION AT NEW START POINT, WITH IFLAG=4.
 START MIGRAD MINIMIZATION.  STRATEGY  1.  CONVERGENCE WHEN EDM .LT. 1.00e-03
 FCN=2681.97 FROM MIGRAD    STATUS=INITIATE       44 CALLS          45 TOTAL
                     EDM= unknown      STRATEGY= 1      NO ERROR MATRIX       
  EXT PARAMETER               CURRENT GUESS       STEP         FIRST   
  NO.   NAME      VALUE            ERROR          SIZE      DERIVATIVE 
   1  lw A         5.33637e+00   1.00000e-02   1.00000e-02   3.30265e-01
   2  lw B        -3.15312e+00   1.00000e-02   1.00000e-02   2.91495e+01
   3  lw C         4.17066e-02   1.00000e-02   1.00000e-02  -9.81785e+02
   4  mpv A       -3.11455e-01   1.00000e-02   1.00000e-02  -2.27302e+03
   5  mpv B       -5.93633e-01   1.00000e-02   1.00000e-02  -5.06050e+02
   6  mpv C       -5.91099e+01   1.00000e-02   1.00000e-02  -1.15722e+01
   7  mpv D        8.84956e-01   1.00000e-02   1.00000e-02  -3.04036e+02
   8  mpv R        3.04011e+00   1.00000e-02   1.00000e-02  -1.08099e+02
   9  gw A         2.39542e+00   1.00000e-02   1.00000e-02   2.95691e+01
  10  gw B        -6.29130e-01   1.00000e-02   1.00000e-02   1.08527e+02
  11  gw C        -7.02695e-02   1.00000e-02   1.00000e-02  -9.93686e+01
  12  norm         8.80526e-01   1.00000e-02   3.08565e-02   1.28803e+02
 MIGRAD MINIMIZATION HAS CONVERGED.
 FCN=2626.67 FROM MIGRAD    STATUS=CONVERGED     888 CALLS         889 TOTAL
                     EDM=6.27471e-05    STRATEGY= 1  ERROR MATRIX UNCERTAINTY   2.7 per cent
  EXT PARAMETER                                   STEP         FIRST   
  NO.   NAME      VALUE            ERROR          SIZE      DERIVATIVE 
   1  lw A         6.43092e+00   2.15582e+00   1.81805e-02   3.59944e-03
   2  lw B        -3.63415e+00   4.02585e-01  -3.14272e-03   1.13934e-02
   3  lw C         4.28741e-02   2.41513e-03  -4.12513e-06   1.77192e+00
   4  mpv A       -2.97086e-01   2.93715e-03  -3.07438e-05   1.13424e+01
   5  mpv B       -6.01352e-01   1.76854e-03  -1.66410e-07   2.22654e+01
   6  mpv C       -5.65772e+01   5.15701e-01  -5.36987e-03   5.75832e-02
   7  mpv D        1.13899e+00   4.27636e-02  -3.65471e-04  -1.24296e+00
   8  mpv R        2.32789e+00   1.75641e-01   1.66892e-03   2.52441e-02
   9  gw A         3.05574e+00   2.20958e-01   5.36036e-04   4.34921e-01
  10  gw B        -8.73918e-01   5.39854e-02  -5.84669e-05   1.77562e+00
  11  gw C         7.16645e-02   2.17853e-02   1.52443e-06   2.37105e+00
  12  norm         8.65818e-01   8.37347e-03  -2.46480e-05  -1.43999e-02
 EXTERNAL ERROR MATRIX.    NDIM=  25    NPAR= 12    ERR DEF=1
 ELEMENTS ABOVE DIAGONAL ARE NOT PRINTED.
  4.648e+00 
 -7.800e-01  1.621e-01 
  8.319e-04 -2.081e-04  5.833e-06 
 -3.560e-04 -3.492e-05  4.769e-07  8.627e-06 
  1.802e-04  1.430e-04 -4.363e-07 -2.059e-06  3.128e-06 
 -6.225e-02 -6.892e-03  8.681e-05  1.485e-03 -3.716e-04  2.659e-01 
 -8.122e-03 -5.473e-04 -2.148e-06  1.201e-04 -4.405e-05  2.112e-02  1.829e-03 
 -4.162e-03  1.292e-02 -4.354e-05 -4.741e-04  1.758e-04 -8.352e-02 -6.756e-03  3.085e-02 
 -6.708e-02 -9.259e-03  1.814e-05  1.376e-04 -3.636e-04  2.551e-02  3.961e-03 -1.473e-02  4.882e-02 
  2.458e-02  2.447e-05  4.219e-07 -3.896e-05  8.607e-05 -7.143e-03 -1.056e-03  3.433e-03 -1.154e-02  2.914e-03 
 -1.193e-02  8.282e-04 -8.460e-06  1.544e-05 -3.039e-05  2.811e-03  4.239e-04 -1.152e-03  4.074e-03 -1.114e-03  4.746e-04 
  3.758e-04  2.874e-05  1.182e-06 -2.680e-07  5.686e-07 -4.888e-05 -8.753e-06  3.111e-05 -6.674e-05  1.509e-05 -6.487e-06 
  3.758e-04  2.874e-05  1.182e-06 -2.680e-07  5.686e-07 -4.888e-05 -8.753e-06  3.111e-05 -6.674e-05  1.509e-05 -6.487e-06  7.013e-05 
 PARAMETER  CORRELATION COEFFICIENTS  
       NO.  GLOBAL      1      2      3      4      5      6      7      8      9     10     11     12
        1  0.93965   1.000 -0.899  0.160 -0.056  0.047 -0.056 -0.088 -0.011 -0.141  0.211 -0.254  0.021
        2  0.94902  -0.899  1.000 -0.214 -0.030  0.201 -0.033 -0.032  0.183 -0.104  0.001  0.094  0.009
        3  0.82007   0.160 -0.214  1.000  0.067 -0.102  0.070 -0.021 -0.103  0.034  0.003 -0.161  0.058
        4  0.99392  -0.056 -0.030  0.067  1.000 -0.396  0.981  0.956 -0.919  0.212 -0.246  0.241 -0.011
        5  0.97857   0.047  0.201 -0.102 -0.396  1.000 -0.407 -0.582  0.566 -0.931  0.902 -0.789  0.038
        6  0.99359  -0.056 -0.033  0.070  0.981 -0.407  1.000  0.958 -0.922  0.224 -0.257  0.250 -0.011
        7  0.99652  -0.088 -0.032 -0.021  0.956 -0.582  0.958  1.000 -0.900  0.419 -0.457  0.455 -0.024
        8  0.98512  -0.011  0.183 -0.103 -0.919  0.566 -0.922 -0.900  1.000 -0.380  0.362 -0.301  0.021
        9  0.99737  -0.141 -0.104  0.034  0.212 -0.931  0.224  0.419 -0.380  1.000 -0.967  0.846 -0.036
       10  0.99900   0.211  0.001  0.003 -0.246  0.902 -0.257 -0.457  0.362 -0.967  1.000 -0.947  0.033
       11  0.99571  -0.254  0.094 -0.161  0.241 -0.789  0.250  0.455 -0.301  0.846 -0.947  1.000 -0.036
       12  0.09657   0.021  0.009  0.058 -0.011  0.038 -0.011 -0.024  0.021 -0.036  0.033 -0.036  1.000
 FCN=2626.67 FROM MIGRAD    STATUS=CONVERGED     888 CALLS         889 TOTAL
                     EDM=6.27471e-05    STRATEGY= 1  ERROR MATRIX UNCERTAINTY   2.7 per cent
  EXT PARAMETER                                   STEP         FIRST   
  NO.   NAME      VALUE            ERROR          SIZE      DERIVATIVE 
   1  lw A         6.43092e+00   2.15582e+00   1.81805e-02   3.59944e-03
   2  lw B        -3.63415e+00   4.02585e-01  -3.14272e-03   1.13934e-02
   3  lw C         4.28741e-02   2.41513e-03  -4.12513e-06   1.77192e+00
   4  mpv A       -2.97086e-01   2.93715e-03  -3.07438e-05   1.13424e+01
   5  mpv B       -6.01352e-01   1.76854e-03  -1.66410e-07   2.22654e+01
   6  mpv C       -5.65772e+01   5.15701e-01  -5.36987e-03   5.75832e-02
   7  mpv D        1.13899e+00   4.27636e-02  -3.65471e-04  -1.24296e+00
   8  mpv R        2.32789e+00   1.75641e-01   1.66892e-03   2.52441e-02
   9  gw A         3.05574e+00   2.20958e-01   5.36036e-04   4.34921e-01
  10  gw B        -8.73918e-01   5.39854e-02  -5.84669e-05   1.77562e+00
  11  gw C         7.16645e-02   2.17853e-02   1.52443e-06   2.37105e+00
  12  norm         8.65818e-01   8.37347e-03  -2.46480e-05  -1.43999e-02
sequential coherent fit
incoherent fit
Initial par values
15
1 0.329183 0.102632
2 0.102632 0.265231
3 0.265231 0.193094
4 0.193094 0.12832
5 0.12832 0.142676
6 0.142676 0.0881597
7 0.0881597 0.0421342
8 0.0421342 0.0275757
9 0.0275757 0.0566647
10 0.0566647 0.0413862
11 0.0413862 0.0726528
12 0.0726528 0.0301306
13 0.0301306 0.0455805
coherent fit
 **********
 **    1 **SET ERR           1
 **********
 PARAMETER DEFINITIONS:
    NO.   NAME         VALUE      STEP SIZE      LIMITS
     1 shift        2.60000e+00  1.00000e-01    0.00000e+00  1.00000e+01
     2 lwA          4.60000e+00  1.00000e-01    0.00000e+00  1.00000e+01
     3 lwB         -1.98000e+00  1.00000e-01   -1.00000e+01  0.00000e+00
     4 lwC          6.30000e-02  1.00000e-01    0.00000e+00  1.00000e+00
 MINUIT WARNING IN PARAMETR
 ============== VARIABLE4 BROUGHT BACK INSIDE LIMITS.
     5 gwA          3.69000e+01  1.00000e-01    0.00000e+00  9.00000e+01
     6 gwB         -2.01000e+00  1.00000e-02   -1.00000e+01  0.00000e+00
     7 gwC          9.00000e-02  1.00000e-02    0.00000e+00  1.00000e+00
     8 norm         1.40755e-01  1.00000e-02    0.00000e+00  1.00000e+00
 **********
 **    2 **MIGRAD       5e+04           1
 **********
 FIRST CALL TO USER FUNCTION AT NEW START POINT, WITH IFLAG=4.
 START MIGRAD MINIMIZATION.  STRATEGY  1.  CONVERGENCE WHEN EDM .LT. 1.00e-03
 FCN=1685.79 FROM MIGRAD    STATUS=INITIATE       30 CALLS          31 TOTAL
                     EDM= unknown      STRATEGY= 1      NO ERROR MATRIX       
  EXT PARAMETER               CURRENT GUESS       STEP         FIRST   
  NO.   NAME      VALUE            ERROR          SIZE      DERIVATIVE 
   1  shift        2.60000e+00   1.00000e-01   2.28018e-02  -3.98070e+02
   2  lwA          4.60000e+00   1.00000e-01   2.00657e-02   5.23994e+01
   3  lwB         -1.98000e+00   1.00000e-01   2.51018e-02   3.07205e+02
   4  lwC          6.30000e-02   1.00000e-01   4.14617e-01   1.69254e+02
   5  gwA          3.69000e+01   1.00000e-01   2.25912e-03   8.44325e+01
   6  gwB         -2.01000e+00   1.00000e-02   2.49534e-03  -1.35713e+02
   7  gwC          9.00000e-02   1.00000e-02   3.49940e-02  -1.36793e+02
   8  norm         1.40755e-01   1.00000e-02   2.87714e-02   4.67523e+02
 MIGRAD MINIMIZATION HAS CONVERGED.
 MIGRAD WILL VERIFY CONVERGENCE AND ERROR MATRIX.
 COVARIANCE MATRIX CALCULATED SUCCESSFULLY
 FCN=1506.68 FROM HESSE     STATUS=OK             61 CALLS         626 TOTAL
                     EDM=0.0030667    STRATEGY= 1      ERROR MATRIX ACCURATE 
  EXT PARAMETER                                   STEP         FIRST   
  NO.   NAME      VALUE            ERROR          SIZE      DERIVATIVE 
   1  shift        3.97306e+00   3.32402e-01   8.57525e-04   8.80601e-02
   2  lwA          2.75286e+00   1.47662e+00   2.31664e-03  -1.93132e-02
   3  lwB         -1.78470e+00   4.35295e-01   5.77377e-04  -1.00778e-01
   4  lwC          4.62543e-02   1.55551e-02   7.07732e-04   4.70689e-02
   5  gwA          2.98547e+00   1.17496e+00   2.15732e-04   4.41711e-01
   6  gwB         -8.09240e-01   1.44230e-01   1.59035e-04   1.05437e+00
   7  gwC          3.26090e-04   1.18603e-01   1.07772e-02   1.65341e-01
   8  norm         1.28306e-01   3.26366e-03   1.82841e-04   1.50541e-01
 MIGRAD MINIMIZATION HAS CONVERGED.
 FCN=1506.67 FROM MIGRAD    STATUS=CONVERGED     661 CALLS         662 TOTAL
                     EDM=4.40457e-05    STRATEGY= 1  ERROR MATRIX UNCERTAINTY   4.3 per cent
  EXT PARAMETER                                   STEP         FIRST   
  NO.   NAME      VALUE            ERROR          SIZE      DERIVATIVE 
   1  shift        3.97290e+00   3.32300e-01  -2.88475e-05  -4.07203e-04
   2  lwA          2.73642e+00   1.46070e+00   1.23158e-03  -4.80623e-04
   3  lwB         -1.78132e+00   4.34334e-01   2.82927e-04   3.15598e-02
   4  lwC          4.62132e-02   1.55606e-02  -7.68251e-05   1.53057e-02
   5  gwA          2.99575e+00   1.14325e+00   3.52293e-04   1.33624e-01
   6  gwB         -8.10195e-01   1.35935e-01  -3.92667e-04   8.58527e-02
   7  gwC          4.04789e-06   1.04125e-01  -1.25511e-03   1.75107e-02
   8  norm         1.28303e-01   3.26357e-03  -2.24174e-06  -1.83092e-02
 EXTERNAL ERROR MATRIX.    NDIM=  25    NPAR=  8    ERR DEF=1
  1.106e-01  1.558e-02  4.355e-02  6.036e-04 -8.218e-02  4.094e-03  1.181e-06  1.128e-04 
  1.558e-02  2.215e+00  5.278e-01 -9.846e-03  2.851e-01 -3.491e-02 -7.297e-05 -1.850e-04 
  4.355e-02  5.278e-01  1.895e-01 -4.549e-03 -1.055e-01  9.867e-03 -1.570e-05  2.796e-05 
  6.036e-04 -9.846e-03 -4.549e-03  2.426e-04  5.450e-03 -7.434e-04  2.057e-07  2.069e-06 
 -8.218e-02  2.851e-01 -1.055e-01  5.450e-03  1.309e+00 -1.517e-01 -3.271e-05 -2.912e-05 
  4.094e-03 -3.491e-02  9.867e-03 -7.434e-04 -1.517e-01  1.849e-02  9.432e-07 -4.203e-06 
  1.181e-06 -7.297e-05 -1.570e-05  2.057e-07 -3.271e-05  9.432e-07  1.748e-06  1.933e-08 
  1.128e-04 -1.850e-04  2.796e-05  2.069e-06 -2.912e-05 -4.203e-06  1.933e-08  1.065e-05 
 PARAMETER  CORRELATION COEFFICIENTS  
       NO.  GLOBAL      1      2      3      4      5      6      7      8
        1  0.74582   1.000  0.031  0.301  0.117 -0.216  0.091  0.003  0.104
        2  0.93080   0.031  1.000  0.815 -0.425  0.167 -0.172 -0.037 -0.038
        3  0.96344   0.301  0.815  1.000 -0.671 -0.212  0.167 -0.027  0.020
        4  0.86358   0.117 -0.425 -0.671  1.000  0.306 -0.351  0.010  0.041
        5  0.98660  -0.216  0.167 -0.212  0.306  1.000 -0.975 -0.022 -0.008
        6  0.98560   0.091 -0.172  0.167 -0.351 -0.975  1.000  0.005 -0.009
        7  0.10660   0.003 -0.037 -0.027  0.010 -0.022  0.005  1.000  0.004
        8  0.15299   0.104 -0.038  0.020  0.041 -0.008 -0.009  0.004  1.000
 FCN=1506.67 FROM MIGRAD    STATUS=CONVERGED     661 CALLS         662 TOTAL
                     EDM=4.40457e-05    STRATEGY= 1  ERROR MATRIX UNCERTAINTY   4.3 per cent
  EXT PARAMETER                                   STEP         FIRST   
  NO.   NAME      VALUE            ERROR          SIZE      DERIVATIVE 
   1  shift        3.97290e+00   3.32300e-01  -2.88475e-05  -4.07203e-04
   2  lwA          2.73642e+00   1.46070e+00   1.23158e-03  -4.80623e-04
   3  lwB         -1.78132e+00   4.34334e-01   2.82927e-04   3.15598e-02
   4  lwC          4.62132e-02   1.55606e-02  -7.68251e-05   1.53057e-02
   5  gwA          2.99575e+00   1.14325e+00   3.52293e-04   1.33624e-01
   6  gwB         -8.10195e-01   1.35935e-01  -3.92667e-04   8.58527e-02
   7  gwC          4.04789e-06   1.04125e-01  -1.25511e-03   1.75107e-02
   8  norm         1.28303e-01   3.26357e-03  -2.24174e-06  -1.83092e-02
sequential coherent fit
incoherent fit
Initial par values
coherent fit
 **********
 **    1 **SET ERR           1
 **********
 PARAMETER DEFINITIONS:
    NO.   NAME         VALUE      STEP SIZE      LIMITS
     1 s lw A       6.43092e+00  1.00000e-02     no limits
     2 s lw B      -3.63415e+00  1.00000e-02     no limits
     3 s lw C       4.28741e-02  1.00000e-02     no limits
     4 s mpv A     -2.97086e-01  1.00000e-02     no limits
     5 s mpv B     -6.01352e-01  1.00000e-02     no limits
     6 s mpv C     -5.65772e+01  1.00000e-02     no limits
     7 s mpv D      1.13899e+00  1.00000e-02     no limits
     8 s mpv R      2.32789e+00  1.00000e-02     no limits
     9 s gw A       3.05574e+00  1.00000e-02     no limits
    10 s gw B      -8.73918e-01  1.00000e-02     no limits
    11 s gw C       7.16645e-02  1.00000e-02     no limits
    12 b lw A       2.73642e+00  1.00000e-02    0.00000e+00  1.00000e+01
    13 b lw B      -1.78132e+00  1.00000e-02   -1.00000e+01  0.00000e+00
    14 b lw C       4.62132e-02  1.00000e-02    0.00000e+00  1.00000e+01
    15 b shift      3.97290e+00  1.00000e-02     no limits
    16 b gw A       2.99575e+00  1.00000e-02    0.00000e+00  9.00000e+01
    17 b gw B      -8.10195e-01  1.00000e-02   -1.00000e+01  0.00000e+00
    18 b gw C       4.04789e-06  1.00000e-02    0.00000e+00  1.00000e+01
 MINUIT WARNING IN PARAMETR
 ============== VARIABLE18 BROUGHT BACK INSIDE LIMITS.
 **********
 **    2 **FIX          14
 **********
 **********
 **    3 **FIX          18
 **********
 PARAMETER DEFINITIONS:
    NO.   NAME         VALUE      STEP SIZE      LIMITS
    19 norm         8.68758e-01  1.00000e-02    7.81882e-01  9.55633e-01
 **********
 **    4 **MIGRAD       5e+04           1
 **********
 FIRST CALL TO USER FUNCTION AT NEW START POINT, WITH IFLAG=4.
 START MIGRAD MINIMIZATION.  STRATEGY  1.  CONVERGENCE WHEN EDM .LT. 1.00e-03
 FCN=2695 FROM MIGRAD    STATUS=INITIATE      106 CALLS         107 TOTAL
                     EDM= unknown      STRATEGY= 1      NO ERROR MATRIX       
  EXT PARAMETER               CURRENT GUESS       STEP         FIRST   
  NO.   NAME      VALUE            ERROR          SIZE      DERIVATIVE 
   1  s lw A       6.43092e+00   1.00000e-02   0.00000e+00   1.33735e+00
   2  s lw B      -3.63415e+00   1.00000e-02   0.00000e+00   1.01869e+01
   3  s lw C       4.28741e-02   1.00000e-02   0.00000e+00   3.41765e+02
   4  s mpv A     -2.97086e-01   1.00000e-02   0.00000e+00   3.55285e+03
   5  s mpv B     -6.01352e-01   1.00000e-02   0.00000e+00  -2.22087e+03
   6  s mpv C     -5.65772e+01   1.00000e-02   0.00000e+00   1.92721e+01
   7  s mpv D      1.13899e+00   1.00000e-02   0.00000e+00  -2.17423e+02
   8  s mpv R      2.32789e+00   1.00000e-02   0.00000e+00   6.83001e+01
   9  s gw A       3.05574e+00   1.00000e-02   0.00000e+00   3.59607e+02
  10  s gw B      -8.73918e-01   1.00000e-02   0.00000e+00   2.43767e+03
  11  s gw C       7.16645e-02   1.00000e-02   0.00000e+00   2.64846e+03
  12  b lw A       3.19203e+00   1.00000e-02   9.98323e-02   3.16764e-03
  13  b lw B      -1.78132e+00   1.00000e-02   0.00000e+00  -5.59478e+00
  14  b lw C       4.62132e-02     fixed    
  15  b shift      3.97290e+00   1.00000e-02   0.00000e+00  -5.93726e+00
  16  b gw A       2.99575e+00   1.00000e-02   0.00000e+00  -6.01309e+02
  17  b gw B      -8.10195e-01   1.00000e-02   0.00000e+00  -8.03473e+02
  18  b gw C       4.04789e-06     fixed    
  19  norm         8.68758e-01   1.00000e-02   0.00000e+00  -3.17398e+01
 MIGRAD FAILS TO FIND IMPROVEMENT
 MIGRAD MINIMIZATION HAS CONVERGED.
 MIGRAD WILL VERIFY CONVERGENCE AND ERROR MATRIX.
 MINUIT WARNING IN HESSE   
 ============== Negative diagonal element 12 in Error Matrix
 MINUIT WARNING IN HESSE   
 ============== 1.00059 added to diagonal of error matrix
 COVARIANCE MATRIX CALCULATED SUCCESSFULLY
 FCN=2482.88 FROM MIGRAD    STATUS=CONVERGED    6960 CALLS        6961 TOTAL
                     EDM=0.000791143    STRATEGY= 1      ERROR MATRIX ACCURATE 
  EXT PARAMETER                                   STEP         FIRST   
  NO.   NAME      VALUE            ERROR          SIZE      DERIVATIVE 
   1  s lw A       5.97446e+00   1.05444e+00   1.34113e-02  -6.92868e-03
   2  s lw B      -3.36098e+00   2.40193e-01   2.46257e-03  -4.39446e-02
   3  s lw C       5.01844e-02   3.04242e-03   3.91905e-05  -2.04222e+00
   4  s mpv A     -5.84530e-01   1.33738e-02   2.92228e-05   7.34084e+00
   5  s mpv B     -1.11599e+00   8.54268e-03   1.65720e-05  -1.22991e+01
   6  s mpv C     -1.05744e+02   9.33551e-01   5.15350e-03   3.31477e-02
   7  s mpv D      1.99573e+00   2.11925e-02   9.09115e-05  -1.96847e+00
   8  s mpv R      6.11607e+00   1.25098e-01   7.76261e-04   2.71733e-01
   9  s gw A       3.30292e+00   5.11752e-01   2.29697e-03   1.37342e-02
  10  s gw B      -1.24281e+00   1.01783e-01   3.23407e-04   1.57892e-01
  11  s gw C       1.59421e-01   1.30478e-02   9.58780e-05   6.74794e-01
  12  b lw A       8.44918e+00   8.24353e+00   5.00000e-01   7.30219e-04
  13  b lw B      -8.93285e+00   8.15804e+00   2.60556e-01  -3.47169e-03
  14  b lw C       4.62132e-02     fixed    
  15  b shift      2.32539e+00   3.33659e-01   4.47842e-03   2.53257e-02
  16  b gw A       3.85852e+00   9.34456e-01   1.70266e-04   9.21725e-02
  17  b gw B      -7.65029e-01   8.97077e-02   1.18232e-04  -9.69847e-01
  18  b gw C       4.04789e-06     fixed    
  19  norm         7.81882e-01   3.21740e-02   2.69205e-02** at limit **
 EXTERNAL ERROR MATRIX.    NDIM=  25    NPAR= 17    ERR DEF=1
 ELEMENTS ABOVE DIAGONAL ARE NOT PRINTED.
  1.112e+00 
 -1.989e-01  5.769e-02 
 -9.624e-05 -2.734e-05  9.256e-06 
 -5.937e-03  1.263e-03  7.574e-06  1.789e-04 
 -3.876e-03  9.766e-04  2.148e-06  9.489e-05  7.298e-05 
  1.382e-01 -3.221e-02  2.825e-05 -4.755e-03 -1.576e-03  8.715e-01 
  7.045e-03 -1.677e-03 -8.520e-06 -1.366e-04 -1.446e-04  7.042e-03  4.491e-04 
  1.397e-02  3.311e-03 -1.162e-04 -7.840e-04 -9.052e-05 -1.822e-02 -6.289e-04  1.565e-02 
 -2.131e-01  1.421e-02  2.388e-04  4.182e-03  2.168e-03 -1.229e-01 -4.012e-03 -2.436e-02  2.619e-01 
  4.627e-02 -5.601e-03 -5.276e-05 -8.747e-04 -4.580e-04  2.696e-02  8.119e-04  4.626e-03 -4.916e-02  1.036e-02 
 -4.505e-03  8.223e-04 -6.153e-06  7.406e-05  3.879e-05 -3.021e-03 -5.036e-05 -2.706e-04  4.087e-03 -1.049e-03  1.702e-04 
 -2.419e-02  3.944e-03  1.544e-05  5.458e-04  3.481e-04 -9.719e-03 -5.827e-04 -1.620e-03  1.682e-02 -3.365e-03  2.963e-04 
 -2.419e-02  3.944e-03  1.544e-05  5.458e-04  3.481e-04 -9.719e-03 -5.827e-04 -1.620e-03  1.682e-02 -3.365e-03  2.963e-04  2.621e+01 
 -6.437e-03  6.696e-03  4.806e-06  5.734e-04  3.502e-04 -2.968e-03 -4.234e-04 -2.424e-03  9.133e-03 -2.564e-03  3.355e-04 
 -6.437e-03  6.696e-03  4.806e-06  5.734e-04  3.502e-04 -2.968e-03 -4.234e-04 -2.424e-03  9.133e-03 -2.564e-03  3.355e-04  2.203e-02  1.874e+01 
 -6.210e-02  2.439e-02  3.862e-04  1.396e-03  8.851e-04 -4.107e-02 -1.566e-03 -8.937e-03  7.400e-03 -4.808e-03  4.580e-04 
 -6.210e-02  2.439e-02  3.862e-04  1.396e-03  8.851e-04 -4.107e-02 -1.566e-03 -8.937e-03  7.400e-03 -4.808e-03  4.580e-04  2.681e-03  6.349e-03  1.113e-01 
  4.205e-01 -1.091e-01 -4.879e-04 -1.009e-02 -6.322e-03  2.823e-01  1.159e-02  3.194e-02 -2.413e-01  5.121e-02 -4.033e-03 
  4.205e-01 -1.091e-01 -4.879e-04 -1.009e-02 -6.322e-03  2.823e-01  1.159e-02  3.194e-02 -2.413e-01  5.121e-02 -4.033e-03 -3.153e-02 -3.814e-02 -1.416e-01  8.740e-01 
 -3.990e-02  1.002e-02  2.688e-05  9.677e-04  6.071e-04 -2.676e-02 -1.106e-03 -2.814e-03  2.405e-02 -4.957e-03  3.728e-04 
 -3.990e-02  1.002e-02  2.688e-05  9.677e-04  6.071e-04 -2.676e-02 -1.106e-03 -2.814e-03  2.405e-02 -4.957e-03  3.728e-04  3.118e-03  3.621e-03  9.815e-03 -8.209e-02  8.051e-03 
 -2.851e-07  9.412e-08  2.832e-10  8.312e-09  5.576e-09 -1.073e-07 -7.916e-09 -8.982e-09  1.533e-07 -3.249e-08  3.615e-09 
 -2.851e-07  9.412e-08  2.832e-10  8.312e-09  5.576e-09 -1.073e-07 -7.916e-09 -8.982e-09  1.533e-07 -3.249e-08  3.615e-09  3.153e-08  4.064e-08  1.190e-07 -5.115e-07  4.981e-08  1.439e-11 
 PARAMETER  CORRELATION COEFFICIENTS  
       NO.  GLOBAL      1      2      3      4      5      6      7      8      9     10     11     12     13     15     16     17
        1  0.87577   1.000 -0.785 -0.030 -0.421 -0.430  0.140  0.315  0.106 -0.395  0.431 -0.327 -0.004 -0.001 -0.177  0.427 -0.422
        2  0.90974  -0.785  1.000 -0.037  0.393  0.476 -0.144 -0.329  0.110  0.116 -0.229  0.262  0.003  0.006  0.304 -0.486  0.465
        3  0.85089  -0.030 -0.037  1.000  0.186  0.083  0.010 -0.132 -0.305  0.153 -0.170 -0.155  0.001  0.000  0.380 -0.172  0.098
        4  0.99604  -0.421  0.393  0.186  1.000  0.831 -0.381 -0.482 -0.469  0.611 -0.643  0.424  0.008  0.010  0.313 -0.807  0.806
        5  0.99683  -0.430  0.476  0.083  0.831  1.000 -0.198 -0.799 -0.085  0.496 -0.527  0.348  0.008  0.009  0.311 -0.792  0.792
        6  0.97503   0.140 -0.144  0.010 -0.381 -0.198  1.000  0.356 -0.156 -0.257  0.284 -0.248 -0.002 -0.001 -0.132  0.323 -0.319
        7  0.98446   0.315 -0.329 -0.132 -0.482 -0.799  0.356  1.000 -0.237 -0.370  0.376 -0.182 -0.005 -0.005 -0.221  0.585 -0.582
        8  0.96733   0.106  0.110 -0.305 -0.469 -0.085 -0.156 -0.237  1.000 -0.381  0.363 -0.166 -0.003 -0.004 -0.214  0.273 -0.251
        9  0.98312  -0.395  0.116  0.153  0.611  0.496 -0.257 -0.370 -0.381  1.000 -0.944  0.612  0.006  0.004  0.043 -0.504  0.524
       10  0.99152   0.431 -0.229 -0.170 -0.643 -0.527  0.284  0.376  0.363 -0.944  1.000 -0.790 -0.006 -0.006 -0.142  0.538 -0.543
       11  0.95395  -0.327  0.262 -0.155  0.424  0.348 -0.248 -0.182 -0.166  0.612 -0.790  1.000  0.004  0.006  0.105 -0.331  0.318
       12  0.00884  -0.004  0.003  0.001  0.008  0.008 -0.002 -0.005 -0.003  0.006 -0.006  0.004  1.000  0.001  0.002 -0.007  0.007
       13  0.01398  -0.001  0.006  0.000  0.010  0.009 -0.001 -0.005 -0.004  0.004 -0.006  0.006  0.001  1.000  0.004 -0.009  0.009
       15  0.83697  -0.177  0.304  0.380  0.313  0.311 -0.132 -0.221 -0.214  0.043 -0.142  0.105  0.002  0.004  1.000 -0.454  0.328
       16  0.99068   0.427 -0.486 -0.172 -0.807 -0.792  0.323  0.585  0.273 -0.504  0.538 -0.331 -0.007 -0.009 -0.454  1.000 -0.979
       17  0.98970  -0.422  0.465  0.098  0.806  0.792 -0.319 -0.582 -0.251  0.524 -0.543  0.318  0.007  0.009  0.328 -0.979  1.000
       19  0.22339  -0.071  0.103  0.025  0.164  0.172 -0.030 -0.098 -0.019  0.079 -0.084  0.073  0.002  0.002  0.094 -0.144  0.146
                     1.000
 FCN=2482.88 FROM MIGRAD    STATUS=CONVERGED    6960 CALLS        6961 TOTAL
                     EDM=0.000791143    STRATEGY= 1      ERROR MATRIX ACCURATE 
  EXT PARAMETER                                   STEP         FIRST   
  NO.   NAME      VALUE            ERROR          SIZE      DERIVATIVE 
   1  s lw A       5.97446e+00   1.05444e+00   1.34113e-02  -6.92868e-03
   2  s lw B      -3.36098e+00   2.40193e-01   2.46257e-03  -4.39446e-02
   3  s lw C       5.01844e-02   3.04242e-03   3.91905e-05  -2.04222e+00
   4  s mpv A     -5.84530e-01   1.33738e-02   2.92228e-05   7.34084e+00
   5  s mpv B     -1.11599e+00   8.54268e-03   1.65720e-05  -1.22991e+01
   6  s mpv C     -1.05744e+02   9.33551e-01   5.15350e-03   3.31477e-02
   7  s mpv D      1.99573e+00   2.11925e-02   9.09115e-05  -1.96847e+00
   8  s mpv R      6.11607e+00   1.25098e-01   7.76261e-04   2.71733e-01
   9  s gw A       3.30292e+00   5.11752e-01   2.29697e-03   1.37342e-02
  10  s gw B      -1.24281e+00   1.01783e-01   3.23407e-04   1.57892e-01
  11  s gw C       1.59421e-01   1.30478e-02   9.58780e-05   6.74794e-01
  12  b lw A       8.44918e+00   8.24353e+00   5.00000e-01   7.30219e-04
  13  b lw B      -8.93285e+00   8.15804e+00   2.60556e-01  -3.47169e-03
  14  b lw C       4.62132e-02     fixed    
  15  b shift      2.32539e+00   3.33659e-01   4.47842e-03   2.53257e-02
  16  b gw A       3.85852e+00   9.34456e-01   1.70266e-04   9.21725e-02
  17  b gw B      -7.65029e-01   8.97077e-02   1.18232e-04  -9.69847e-01
  18  b gw C       4.04789e-06     fixed    
  19  norm         7.81882e-01   3.21740e-02   2.69205e-02** at limit **
toy sample 0
MIGUEEEEE 0
MIGUEEEEE 2.30727
coherent fit
 **********
 **    1 **SET ERR           1
 **********
 PARAMETER DEFINITIONS:
    NO.   NAME         VALUE      STEP SIZE      LIMITS
     1 s lw A       5.97446e+00  1.00000e-02     no limits
     2 s lw B      -3.36098e+00  1.00000e-02     no limits
     3 s lw C       5.01844e-02  1.00000e-02     no limits
     4 s mpv A     -5.84530e-01  1.00000e-02     no limits
     5 s mpv B     -1.11599e+00  1.00000e-02     no limits
     6 s mpv C     -1.05744e+02  1.00000e-02     no limits
     7 s mpv D      1.99573e+00  1.00000e-02     no limits
     8 s mpv R      6.11607e+00  1.00000e-02     no limits
     9 s gw A       3.30292e+00  1.00000e-02     no limits
    10 s gw B      -1.24281e+00  1.00000e-02     no limits
    11 s gw C       1.59421e-01  1.00000e-02     no limits
    12 b lw A       8.44918e+00  1.00000e-02    0.00000e+00  1.00000e+01
    13 b lw B      -8.93285e+00  1.00000e-02   -1.00000e+01  0.00000e+00
    14 b lw C       4.62132e-02  1.00000e-02    0.00000e+00  1.00000e+01
    15 b shift      2.30727e+00  1.00000e-02     no limits
    16 b gw A       3.85852e+00  1.00000e-02    0.00000e+00  9.00000e+01
    17 b gw B      -7.65029e-01  1.00000e-02   -1.00000e+01  0.00000e+00
    18 b gw C       4.04789e-06  1.00000e-02    0.00000e+00  1.00000e+01
 MINUIT WARNING IN PARAMETR
 ============== VARIABLE18 BROUGHT BACK INSIDE LIMITS.
 **********
 **    2 **FIX          14
 **********
 **********
 **    3 **FIX          18
 **********
 PARAMETER DEFINITIONS:
    NO.   NAME         VALUE      STEP SIZE      LIMITS
    19 norm         7.81882e-01  1.00000e-02    7.03694e-01  8.60070e-01
 **********
 **    4 **MIGRAD       5e+04           1
 **********
 FIRST CALL TO USER FUNCTION AT NEW START POINT, WITH IFLAG=4.
 START MIGRAD MINIMIZATION.  STRATEGY  1.  CONVERGENCE WHEN EDM .LT. 1.00e-03
 FCN=2482.89 FROM MIGRAD    STATUS=INITIATE       99 CALLS         100 TOTAL
                     EDM= unknown      STRATEGY= 1      NO ERROR MATRIX       
  EXT PARAMETER               CURRENT GUESS       STEP         FIRST   
  NO.   NAME      VALUE            ERROR          SIZE      DERIVATIVE 
   1  s lw A       5.97446e+00   1.00000e-02   0.00000e+00   3.55451e-02
   2  s lw B      -3.36098e+00   1.00000e-02   0.00000e+00   3.32608e-01
   3  s lw C       5.01844e-02   1.00000e-02   0.00000e+00   3.88550e+01
   4  s mpv A     -5.84530e-01   1.00000e-02   0.00000e+00  -8.10967e+01
   5  s mpv B     -1.11599e+00   1.00000e-02   0.00000e+00   1.40843e+02
   6  s mpv C     -1.05744e+02   1.00000e-02   0.00000e+00  -4.59082e-01
   7  s mpv D      1.99573e+00   1.00000e-02   0.00000e+00   2.32930e+01
   8  s mpv R      6.11607e+00   1.00000e-02   0.00000e+00  -3.00616e+00
   9  s gw A       3.30292e+00   1.00000e-02   0.00000e+00  -4.14782e-01
  10  s gw B      -1.24281e+00   1.00000e-02   0.00000e+00  -2.69401e+00
  11  s gw C       1.59421e-01   1.00000e-02   0.00000e+00  -7.74311e+00
  12  b lw A       8.43700e+00   1.00000e-02  -3.36140e-03   7.91047e-04
  13  b lw B      -8.93285e+00   1.00000e-02   0.00000e+00   3.97488e-03
  14  b lw C       4.62132e-02     fixed    
  15  b shift      2.30727e+00   1.00000e-02   0.00000e+00  -1.04069e+00
  16  b gw A       3.85852e+00   1.00000e-02   0.00000e+00  -1.23201e+01
  17  b gw B      -7.65029e-01   1.00000e-02   0.00000e+00  -1.65432e+01
  18  b gw C       4.04789e-06     fixed    
  19  norm         7.81882e-01   1.00000e-02   0.00000e+00   2.67095e+00
 MIGRAD MINIMIZATION HAS CONVERGED.
 FCN=2482.74 FROM MIGRAD    STATUS=CONVERGED     607 CALLS         608 TOTAL
                     EDM=8.89e-06    STRATEGY= 1  ERROR MATRIX UNCERTAINTY   3.3 per cent
  EXT PARAMETER                                   STEP         FIRST   
  NO.   NAME      VALUE            ERROR          SIZE      DERIVATIVE 
   1  s lw A       5.99874e+00   7.31427e-01  -5.28850e-04  -2.62130e-03
   2  s lw B      -3.37374e+00   1.17683e-01  -4.17509e-04  -3.66621e-03
   3  s lw C       4.93107e-02   3.79062e-03  -4.02154e-05   7.98714e-01
   4  s mpv A     -5.84523e-01   1.19258e-03   3.83851e-06  -3.11428e-01
   5  s mpv B     -1.11599e+00   7.13055e-04  -2.59652e-06   2.08760e+00
   6  s mpv C     -1.05745e+02   2.06014e-01   4.24892e-04  -5.20401e-03
   7  s mpv D      1.99626e+00   6.50587e-03   3.55869e-05   2.36514e-01
   8  s mpv R      6.11423e+00   5.34199e-02  -1.20243e-04   1.17318e-02
   9  s gw A       3.27803e+00   1.72356e-01   7.72355e-05  -1.34741e-02
  10  s gw B      -1.24663e+00   1.92416e-02  -2.77098e-04   3.29409e-01
  11  s gw C       1.59659e-01   7.85780e-03  -2.61795e-05  -3.65617e-02
  12  b lw A       7.46583e+00   6.50257e+00  -1.94914e-02   2.22939e-04
  13  b lw B      -9.97620e+00   8.88396e+00  -3.91250e-02  -2.01795e-04
  14  b lw C       4.62132e-02     fixed    
  15  b shift      2.11521e+00   5.96338e-01  -1.07399e-02  -7.45418e-03
  16  b gw A       3.96954e+00   7.31105e-01   5.06137e-04   1.92601e-02
  17  b gw B      -7.76138e-01   6.95975e-02  -3.72096e-04  -7.33736e-02
  18  b gw C       4.04789e-06     fixed    
  19  norm         7.67173e-01   3.71210e-02  -9.79950e-03   3.65512e-03
 EXTERNAL ERROR MATRIX.    NDIM=  25    NPAR= 17    ERR DEF=1
 ELEMENTS ABOVE DIAGONAL ARE NOT PRINTED.
  5.350e-01 
 -3.891e-02  1.385e-02 
 -7.823e-04  1.933e-04  1.437e-05 
 -1.087e-05 -1.024e-05  3.543e-07  1.422e-06 
  1.295e-04 -6.368e-06 -5.240e-07  2.549e-08  5.084e-07 
 -1.715e-03 -1.278e-03  6.511e-05 -1.206e-06  6.546e-06  4.244e-02 
  2.093e-03 -3.608e-04 -1.038e-05  1.802e-06  4.513e-07  2.841e-04  4.233e-05 
  1.606e-02 -1.220e-03 -2.911e-05  7.260e-07  1.303e-05  7.529e-05  2.086e-04  2.854e-03 
 -6.162e-02  4.118e-03  1.710e-04  2.146e-05 -1.571e-05  3.509e-03 -1.203e-04 -1.739e-05  2.971e-02 
  5.600e-04  3.964e-04  5.900e-06 -4.162e-06  3.525e-06 -6.060e-04 -1.475e-05  1.922e-04  2.224e-04  3.702e-04 
  2.934e-03 -4.144e-04 -1.025e-05  1.082e-07  5.385e-07 -1.611e-06  1.867e-05  4.027e-05 -8.165e-04 -2.684e-05  6.174e-05 
  2.278e-01  2.134e-01  5.893e-03 -1.458e-03  9.561e-04 -2.110e-01 -9.950e-03  3.310e-02 -4.571e-03  6.356e-02 -7.415e-03 
  2.278e-01  2.134e-01  5.893e-03 -1.458e-03  9.561e-04 -2.110e-01 -9.950e-03  3.310e-02 -4.571e-03  6.356e-02 -7.415e-03  2.383e+02 
 -1.449e-01  5.521e-02  2.708e-03 -9.943e-05  3.568e-05 -1.241e-02 -2.482e-03  4.424e-04  6.927e-02  1.106e-02 -2.554e-03 
 -1.449e-01  5.521e-02  2.708e-03 -9.943e-05  3.568e-05 -1.241e-02 -2.482e-03  4.424e-04  6.927e-02  1.106e-02 -2.554e-03  3.541e+00  3.841e+00 
 -2.473e-02  2.620e-02  1.547e-03 -8.390e-05  3.282e-05 -1.233e-02 -1.134e-03 -1.881e-03  2.151e-02  5.210e-03 -4.567e-04 
 -2.473e-02  2.620e-02  1.547e-03 -8.390e-05  3.282e-05 -1.233e-02 -1.134e-03 -1.881e-03  2.151e-02  5.210e-03 -4.567e-04  1.795e+00  5.456e-01  3.556e-01 
  1.302e-02 -3.940e-02 -7.826e-04  2.624e-04 -1.377e-04  3.862e-02  1.999e-03 -1.165e-03  1.838e-03 -8.578e-03  2.041e-03 
  1.302e-02 -3.940e-02 -7.826e-04  2.624e-04 -1.377e-04  3.862e-02  1.999e-03 -1.165e-03  1.838e-03 -8.578e-03  2.041e-03 -3.162e+00 -4.471e-01 -2.109e-01  5.348e-01 
 -1.455e-03  3.474e-03  5.392e-05 -2.224e-05  1.323e-05 -3.220e-03 -1.702e-04  3.938e-04  4.406e-04  8.658e-04 -2.078e-04 
 -1.455e-03  3.474e-03  5.392e-05 -2.224e-05  1.323e-05 -3.220e-03 -1.702e-04  3.938e-04  4.406e-04  8.658e-04 -2.078e-04  3.007e-01  4.159e-02  1.711e-02 -4.901e-02  4.845e-03 
 -2.034e-03  1.236e-03  8.520e-05  4.565e-07  9.124e-07  1.762e-04 -4.334e-05  2.441e-04  2.564e-03  4.039e-04 -2.262e-05 
 -2.034e-03  1.236e-03  8.520e-05  4.565e-07  9.124e-07  1.762e-04 -4.334e-05  2.441e-04  2.564e-03  4.039e-04 -2.262e-05  1.052e-01  3.552e-02  1.956e-02 -9.605e-03  9.965e-04  1.501e-03 
 PARAMETER  CORRELATION COEFFICIENTS  
       NO.  GLOBAL      1      2      3      4      5      6      7      8      9     10     11     12     13     15     16     17
        1  0.75221   1.000 -0.452 -0.282 -0.012  0.248 -0.011  0.440  0.411 -0.489  0.040  0.511  0.020 -0.101 -0.057  0.024 -0.029
        2  0.70958  -0.452  1.000  0.433 -0.073 -0.076 -0.053 -0.471 -0.194  0.203  0.175 -0.448  0.117  0.239  0.373 -0.458  0.424
        3  0.90517  -0.282  0.433  1.000  0.078 -0.194  0.083 -0.421 -0.144  0.262  0.081 -0.344  0.101  0.365  0.684 -0.282  0.204
        4  0.66157  -0.012 -0.073  0.078  1.000  0.030 -0.005  0.232  0.011  0.104 -0.181  0.012 -0.079 -0.043 -0.118  0.301 -0.268
        5  0.69913   0.248 -0.076 -0.194  0.030  1.000  0.045  0.097  0.342 -0.128  0.257  0.096  0.087  0.026  0.077 -0.264  0.267
        6  0.64649  -0.011 -0.053  0.083 -0.005  0.045  1.000  0.212  0.007  0.099 -0.153 -0.001 -0.066 -0.031 -0.100  0.256 -0.225
        7  0.87626   0.440 -0.471 -0.421  0.232  0.097  0.212  1.000  0.600 -0.107 -0.118  0.365 -0.099 -0.195 -0.292  0.420 -0.376
        8  0.85442   0.411 -0.194 -0.144  0.011  0.342  0.007  0.600  1.000 -0.002  0.187  0.096  0.040  0.004 -0.059 -0.030  0.106
        9  0.86728  -0.489  0.203  0.262  0.104 -0.128  0.099 -0.107 -0.002  1.000  0.067 -0.603 -0.002  0.205  0.209  0.015  0.037
       10  0.83480   0.040  0.175  0.081 -0.181  0.257 -0.153 -0.118  0.187  0.067  1.000 -0.178  0.214  0.293  0.454 -0.610  0.646
       11  0.88763   0.511 -0.448 -0.344  0.012  0.096 -0.001  0.365  0.096 -0.603 -0.178  1.000 -0.061 -0.166 -0.097  0.355 -0.380
       12  0.29785   0.020  0.117  0.101 -0.079  0.087 -0.066 -0.099  0.040 -0.002  0.214 -0.061  1.000  0.117  0.195 -0.280  0.280
       13  0.51052  -0.101  0.239  0.365 -0.043  0.026 -0.031 -0.195  0.004  0.205  0.293 -0.166  0.117  1.000  0.467 -0.312  0.305
       15  0.95779  -0.057  0.373  0.684 -0.118  0.077 -0.100 -0.292 -0.059  0.209  0.454 -0.097  0.195  0.467  1.000 -0.484  0.412
       16  0.98494   0.024 -0.458 -0.282  0.301 -0.264  0.256  0.420 -0.030  0.015 -0.610  0.355 -0.280 -0.312 -0.484  1.000 -0.963
       17  0.98383  -0.029  0.424  0.204 -0.268  0.267 -0.225 -0.376  0.106  0.037  0.646 -0.380  0.280  0.305  0.412 -0.963  1.000
